function_used: run_simulation_detection_tester
n_samples: 40000
seed: 267399
non_signal_voltage: -1.2
voltage_decoy: -0.745242926478386
voltage: -0.2
voltage_decoy_sup: -0.8355372935533523
voltage_sup: -0.4324394613504409
p_indep_x_states_non_dec: None
p_indep_x_states_dec: None
p_vacuum_z: 0.94245
len_vacuum_indices_x_long: 39801
len_Z_checked_dec: 84
len_Z_checked_non_dec: 513
XP_calc_non_dec: 24.0
XP_calc_dec: 8.0
gain_Z_non_dec: 0.0513
gain_Z_dec: 0.0084
gain_X_non_dec: 0.0024
gain_X_dec: 0.0008
wrong_detections_z_dec: [ 4  5  6  7 12 13 14]
wrong_detections_z_non_dec: [ 0  1  2  3  8  9 10 11]
wrong_detections_x_dec: []
wrong_detections_x_non_dec: []
len_wrong_z_dec: 7
len_wrong_z_non_dec: 8
len_wrong_x_dec: 0
len_wrong_x_non_dec: 0
qber_z_dec: 0.08333333333333333
qber_z_non_dec: 0.015594541910331383
qber_x_dec: 0.0
qber_x_non_dec: 0.0
raw_key_rate: 25564948.788814828
total_amount_detections: 629.0
mean_photon_after_eam: [0.68688416 0.61930421 0.65866284 0.68904138 0.10747886 0.09997523
 0.09859638 0.10305272 0.69741681 0.69522493 0.68412646 0.7079623
 0.10303254 0.10109132 0.10032837 0.10344442 0.67440794 0.62642923
 0.71116218 0.67742876]
mean_photon_after_fiber: [0.34425757 0.31038736 0.33011341 0.34533874 0.05386703 0.05010631
 0.04941525 0.05164871 0.3495364  0.34843786 0.34287545 0.35482167
 0.05163859 0.05066568 0.0502833  0.05184502 0.33800465 0.31395833
 0.3564254  0.33951865]
mean_photon_after_basis_choice: [0.17212879 0.15519368 0.1650567  0.17266937 0.02693352 0.02505315
 0.02470762 0.02582435 0.1747682  0.17421893 0.17143772 0.17741083
 0.0258193  0.02533284 0.02514165 0.02592251 0.16900233 0.15697917
 0.1782127  0.16975932]
mean_photon_after_dli: [7.19560187e-02 1.23232369e-02 2.36065682e-04 4.45385412e-02
 1.90974306e-02 5.72352240e-04 9.88799403e-06 2.30505293e-03
 4.99876530e-02 1.42797939e-02 5.69531434e-04 4.75789924e-02
 2.00873590e-02 6.17336688e-04 3.04501877e-05 2.35757076e-03
 4.79662818e-02 1.20586405e-02 1.50117645e-04 4.59982192e-02]
calc_mean_photon_nr_detector_x: [7.19560187e-02 1.23232369e-02 2.36065682e-04 ... 5.88305144e-04
 1.63314212e-05 2.26525137e-03]
