n_Z_mus_in: 4844.0, n_Z_mud_in: 2242.0, n_X_mus_in: 104.0, n_X_mud_in: 64.0
m_Z_mus_in: 161.0, m_Z_mud_in: 165.0, m_X_mus_in: 2.0, m_X_mud_in: 5.0
QBER_signal: 0.033236994219653176, QBER_decoy: 0.0735950044603033, Pherr_signal: 0.019230769230769232, Pherr_decoy: 0.078125
total symbols: 1460000.0
