[Before everything] Memory used: 128.69 MB
Configuration saved to C:\Users\leavi\bachelor\logs\simulation_config_20250422_110150.json
Execution time for reading: 0.008113384 seconds for 20 samples
seed: 238071
T1_dampening at initialize end: 20.219802856445312
voltage at initialize end: -0.2
Voltage_decoy at initialize end: -0.7405843287706373
Voltage_decoy_sup at initialize end: -0.8517826229333878
Voltage_sup at initialize end: -0.44613102972507473
tck: (array([ 50.00869,  50.00869,  50.00869,  50.00869,  70.00986,  80.0088 ,
        90.00667, 100.0061 , 110.867  , 130.8726 , 130.8726 , 130.8726 ,
       130.8726 ]), array([2.83038974e-06, 5.87939813e-06, 1.08663530e-05, 1.95009138e-05,
       3.11886739e-05, 3.19889431e-05, 5.05361891e-05, 6.47177143e-05,
       6.16612260e-05, 0.00000000e+00, 0.00000000e+00, 0.00000000e+00,
       0.00000000e+00]), 3)
x_data: [82.111 82.111]
tck: (array([-2.5 , -2.5 , -2.5 , -2.5 , -2.  , -1.75, -1.5 , -1.25, -1.  ,
       -0.75, -0.5 , -0.25,  0.  ,  0.25,  0.5 ,  0.75,  1.  ,  1.25,
        1.5 ,  1.75,  2.25,  2.25,  2.25,  2.25]), array([ 1.47972399,  1.40356276,  1.14834521,  0.83995418,  0.62945599,
        0.44525171,  0.29312882,  0.17271973,  0.07514338,  0.01868989,
       -0.00639224,  0.00687907,  0.05242408,  0.13752964,  0.24922889,
        0.40307437,  0.58159683,  0.87596335,  1.14478664,  1.32946275,
        0.        ,  0.        ,  0.        ,  0.        ]), 3)
x_data: [-1.708 -1.708]
signals: [[-1.26053652 -1.26083981 -1.2611421  ... -1.29683975 -1.29698539
  -1.29712878]
 [-1.29726993 -1.29740884 -1.29754551 ... -1.25735037 -1.25765995
  -1.25796853]
 [-1.25827612 -1.25858271 -1.25888831 ... -1.29309683 -1.29323261
  -1.29336618]
 ...
 [-1.29712878 -1.29698539 -1.29683975 ... -1.2611421  -1.26083981
  -1.26053652]
 [-1.2602322  -1.25992687 -1.25962052 ... -1.29826856 -1.29827254
  -1.29827453]
 [-1.29827453 -1.29827254 -1.29826856 ... -1.25962052 -1.25992687
  -1.2602322 ]]
(20, 6152) (20, 6152)
[-1.26053652 -1.26083981 -1.2611421  ... -1.23628525 -1.23604427
 -1.23580267]
tck: (array([-1.500065e+00, -1.500065e+00, -1.500065e+00, -1.500065e+00,
       -1.200060e+00, -1.050064e+00, -9.000131e-01, -7.500441e-01,
       -6.000313e-01, -4.500438e-01, -2.999760e-01,  7.023775e-05,
        7.023775e-05,  7.023775e-05,  7.023775e-05]), array([0.01420092, 0.01771172, 0.00635   , 0.00943936, 0.02354049,
       0.04633592, 0.15803946, 0.25444116, 0.65991049, 0.81128741,
       1.        , 0.        , 0.        , 0.        , 0.        ]), 3)
x_data: [-1.26053652 -1.26083981 -1.2611421  ... -1.23628525 -1.23604427
 -1.23580267]
tck: (array([-1.500065e+00, -1.500065e+00, -1.500065e+00, -1.500065e+00,
       -1.200060e+00, -1.050064e+00, -9.000131e-01, -7.500441e-01,
       -6.000313e-01, -4.500438e-01, -2.999760e-01,  7.023775e-05,
        7.023775e-05,  7.023775e-05,  7.023775e-05]), array([0.01420092, 0.01771172, 0.00635   , 0.00943936, 0.02354049,
       0.04633592, 0.15803946, 0.25444116, 0.65991049, 0.81128741,
       1.        , 0.        , 0.        , 0.        , 0.        ]), 3)
x_data: 7.023775e-05
upper_bounds: [2 2 2 2 2 2 2 2 2 2 0 2 2 0 2 2 0 2 0 2]
max_upper_bound: 2
x: [0 1 2]
probabilities_array_poisson: [[8.33315606e-01 1.51949126e-01 1.38534167e-02]
 [8.43280910e-01 1.43741574e-01 1.22507457e-02]
 [8.33131262e-01 1.52099836e-01 1.38839827e-02]
 [8.37255746e-01 1.48718142e-01 1.32080823e-02]
 [8.37255746e-01 1.48718142e-01 1.32080823e-02]
 [8.33131262e-01 1.52099836e-01 1.38839827e-02]
 [8.43280910e-01 1.43741574e-01 1.22507457e-02]
 [8.33315606e-01 1.51949126e-01 1.38534167e-02]
 [8.46153188e-01 1.41354005e-01 1.18069369e-02]
 [8.46153188e-01 1.41354005e-01 1.18069369e-02]
 [9.74762960e-01 2.49158723e-02 3.18436748e-04]
 [8.39280097e-01 1.47050922e-01 1.28824536e-02]
 [8.39577260e-01 1.46805773e-01 1.28349921e-02]
 [9.74788937e-01 2.48905589e-02 3.17781572e-04]
 [8.44542015e-01 1.42694488e-01 1.20548869e-02]
 [8.46721955e-01 1.40880062e-01 1.17200172e-02]
 [9.72332006e-01 2.72816555e-02 3.82733840e-04]
 [8.45201055e-01 1.42146543e-01 1.19531557e-02]
 [9.72440752e-01 2.71759546e-02 3.79731366e-04]
 [8.39270682e-01 1.47058687e-01 1.28839587e-02]]
probabilities_array_poisson after normalization: [[8.34051115e-01 1.52083240e-01 1.38656442e-02]
 [8.43894228e-01 1.43846117e-01 1.22596557e-02]
 [8.33869169e-01 1.52234551e-01 1.38962798e-02]
 [8.37941207e-01 1.48839897e-01 1.32188958e-02]
 [8.37941207e-01 1.48839897e-01 1.32188958e-02]
 [8.33869169e-01 1.52234551e-01 1.38962798e-02]
 [8.43894228e-01 1.43846117e-01 1.22596557e-02]
 [8.34051115e-01 1.52083240e-01 1.38656442e-02]
 [8.46733938e-01 1.41451022e-01 1.18150405e-02]
 [8.46733938e-01 1.41451022e-01 1.18150405e-02]
 [9.74765622e-01 2.49159404e-02 3.18437617e-04]
 [8.39940733e-01 1.47166673e-01 1.28925940e-02]
 [8.40234302e-01 1.46920661e-01 1.28450366e-02]
 [9.74791591e-01 2.48906267e-02 3.17782437e-04]
 [8.45140890e-01 1.42795675e-01 1.20634352e-02]
 [8.47296393e-01 1.40975638e-01 1.17279684e-02]
 [9.72335511e-01 2.72817538e-02 3.82735220e-04]
 [8.45792472e-01 1.42246008e-01 1.19615198e-02]
 [9.72444216e-01 2.71760514e-02 3.79732718e-04]
 [8.39931432e-01 1.47174465e-01 1.28941021e-02]]
cumulative_probabilities: [[0.83405112 0.98613436 1.        ]
 [0.84389423 0.98774034 1.        ]
 [0.83386917 0.98610372 1.        ]
 [0.83794121 0.9867811  1.        ]
 [0.83794121 0.9867811  1.        ]
 [0.83386917 0.98610372 1.        ]
 [0.84389423 0.98774034 1.        ]
 [0.83405112 0.98613436 1.        ]
 [0.84673394 0.98818496 1.        ]
 [0.84673394 0.98818496 1.        ]
 [0.97476562 0.99968156 1.        ]
 [0.83994073 0.98710741 1.        ]
 [0.8402343  0.98715496 1.        ]
 [0.97479159 0.99968222 1.        ]
 [0.84514089 0.98793656 1.        ]
 [0.84729639 0.98827203 1.        ]
 [0.97233551 0.99961726 1.        ]
 [0.84579247 0.98803848 1.        ]
 [0.97244422 0.99962027 1.        ]
 [0.83993143 0.9871059  1.        ]]
random_values: [9.85742546e-01 9.73706128e-01 8.87221529e-01 8.09233242e-01
 1.27429085e-01 6.68767152e-02 9.36379215e-01 5.82225213e-01
 2.52977512e-02 5.95679543e-02 7.01200752e-03 1.18940666e-01
 7.48759307e-01 4.75985535e-01 9.44771078e-01 7.87706139e-01
 3.08222514e-01 1.43553301e-01 5.11602226e-01 1.76470646e-04]
sampled_indices: [1 1 1 0 0 0 1 0 0 0 0 0 0 0 1 0 0 0 0 0]
nr_photons: [1 1 1 0 0 0 1 0 0 0 0 0 0 0 1 0 0 0 0 0]
[in choose photon after pre-allocate arrays] Memory used: 138.81 MB
[after choose: 1.5742747783660889] Memory used: 138.81 MB
[before detection time:1.5744552612304688] Memory used: 138.81 MB
[before jitter detector: 1.5745713710784912] Memory used: 138.81 MB
[before darkcount: 1.5746521949768066] Memory used: 138.82 MB
total darkcounts: 0
calc_mean_photon_nr_detector_z: [0.18234283 0.17045515 0.18256407 0.1776257  0.1776257  0.18256407
 0.17045515 0.18234283 0.16705486 0.16705486]
nr_photons: 2
dark_count_times_z: [array([], dtype=float64), array([], dtype=float64), array([], dtype=float64), array([], dtype=float64), array([], dtype=float64), array([], dtype=float64), array([], dtype=float64), array([], dtype=float64), array([], dtype=float64), array([], dtype=float64), array([], dtype=float64), array([], dtype=float64), array([], dtype=float64), array([], dtype=float64), array([], dtype=float64), array([], dtype=float64), array([], dtype=float64), array([], dtype=float64), array([], dtype=float64), array([], dtype=float64)]
num_dark_counts_z: [0 0 0 0 0 0 0 0 0 0 0 0 0 0 0 0 0 0 0 0]
time_photons_det_z: [[3.13492837e-10]
 [4.15186055e-10]]
index_where_photons_det_z: [0 1]
wavelength_photons_det_z: [[1.55080661e-06]
 [1.55080661e-06]]
Execution time for simulation: 1.575221539 seconds for 20 samples
