[Before everything] Memory used: 126.63 MB
Configuration saved to C:\Users\leavi\bachelor\logs\simulation_config_20250422_110232.json
Execution time for reading: 0.015798330 seconds for 20 samples
seed: 156190
T1_dampening at initialize end: 20.219802856445312
voltage at initialize end: -0.2
Voltage_decoy at initialize end: -0.7405843287706373
Voltage_decoy_sup at initialize end: -0.8517826229333878
Voltage_sup at initialize end: -0.44613102972507473
signals: [[-1.24375531 -1.24381937 -1.24388241 ... -1.26633486 -1.26619914
  -1.26606201]
 [-1.26592348 -1.26578354 -1.26564219 ... -1.29314563 -1.29315479
  -1.29316199]
 [-1.29316725 -1.29317055 -1.29317189 ... -1.25898617 -1.25929244
  -1.2595977 ]
 ...
 [-1.23096134 -1.23097344 -1.23098544 ... -1.26434002 -1.26477942
  -1.2652175 ]
 [-1.26565427 -1.26608971 -1.26652384 ... -1.25166832 -1.252088
  -1.25250643]
 [-1.25292361 -1.25333953 -1.2537542  ... -1.24355706 -1.24362416
  -1.24369024]]
(20, 6152) (20, 6152)
[-1.24375531 -1.24381937 -1.24388241 ... -1.25644115 -1.2567414
 -1.25704065]
upper_bounds: [0 2 2 2 2 2 2 2 2 0 2 2 0 2 2 2 2 2 2 2]
max_upper_bound: 2
x: [0 1 2]
probabilities_array_poisson: [[9.74192798e-01 2.54712940e-02 3.32986868e-04]
 [8.44017743e-01 1.43130016e-01 1.21361202e-02]
 [8.46314764e-01 1.41219405e-01 1.17822122e-02]
 [8.33122788e-01 1.52106763e-01 1.38853885e-02]
 [8.37726466e-01 1.48330902e-01 1.31320051e-02]
 [8.38168471e-01 1.47967043e-01 1.30607668e-02]
 [8.33652348e-01 1.51673719e-01 1.37976681e-02]
 [8.39368476e-01 1.46978024e-01 1.28683290e-02]
 [8.39055322e-01 1.47236284e-01 1.29184112e-02]
 [9.73546602e-01 2.61003797e-02 3.49870166e-04]
 [8.31637408e-01 1.53319625e-01 1.41329065e-02]
 [8.31691086e-01 1.53275841e-01 1.41239241e-02]
 [9.74670197e-01 2.50062598e-02 3.20781855e-04]
 [8.46033809e-01 1.41453432e-01 1.18252209e-02]
 [8.40229106e-01 1.46267653e-01 1.27311862e-02]
 [8.39796718e-01 1.46624659e-01 1.27999969e-02]
 [8.37197350e-01 1.48766163e-01 1.32175355e-02]
 [8.33131678e-01 1.52099495e-01 1.38839136e-02]
 [8.45975713e-01 1.41501813e-01 1.18341241e-02]
 [8.46296205e-01 1.41234867e-01 1.17850509e-02]]
probabilities_array_poisson after normalization: [[9.74195644e-01 2.54713684e-02 3.32987840e-04]
 [8.44622594e-01 1.43232588e-01 1.21448174e-02]
 [8.46893717e-01 1.41316011e-01 1.17902723e-02]
 [8.33860806e-01 1.52241506e-01 1.38976888e-02]
 [8.38406101e-01 1.48451240e-01 1.31426589e-02]
 [8.38842665e-01 1.48086063e-01 1.30712724e-02]
 [8.34383489e-01 1.51806742e-01 1.38097692e-02]
 [8.40028042e-01 1.47093517e-01 1.28784408e-02]
 [8.39718685e-01 1.47352690e-01 1.29286246e-02]
 [9.73549667e-01 2.61004619e-02 3.49871267e-04]
 [8.32394938e-01 1.53459282e-01 1.41457800e-02]
 [8.32447905e-01 1.53415319e-01 1.41367765e-02]
 [9.74672888e-01 2.50063288e-02 3.20782741e-04]
 [8.46615890e-01 1.41550754e-01 1.18333568e-02]
 [8.40878310e-01 1.46380667e-01 1.27410230e-02]
 [8.40451115e-01 1.46738914e-01 1.28099710e-02]
 [8.37883536e-01 1.48888095e-01 1.32283689e-02]
 [8.33869580e-01 1.52234209e-01 1.38962105e-02]
 [8.46558441e-01 1.41599283e-01 1.18422757e-02]
 [8.46875364e-01 1.41331520e-01 1.17931159e-02]]
cumulative_probabilities: [[0.97419564 0.99966701 1.        ]
 [0.84462259 0.98785518 1.        ]
 [0.84689372 0.98820973 1.        ]
 [0.83386081 0.98610231 1.        ]
 [0.8384061  0.98685734 1.        ]
 [0.83884266 0.98692873 1.        ]
 [0.83438349 0.98619023 1.        ]
 [0.84002804 0.98712156 1.        ]
 [0.83971869 0.98707138 1.        ]
 [0.97354967 0.99965013 1.        ]
 [0.83239494 0.98585422 1.        ]
 [0.8324479  0.98586322 1.        ]
 [0.97467289 0.99967922 1.        ]
 [0.84661589 0.98816664 1.        ]
 [0.84087831 0.98725898 1.        ]
 [0.84045112 0.98719003 1.        ]
 [0.83788354 0.98677163 1.        ]
 [0.83386958 0.98610379 1.        ]
 [0.84655844 0.98815772 1.        ]
 [0.84687536 0.98820688 1.        ]]
random_values: [0.67061842 0.20563262 0.29006427 0.27127738 0.01863747 0.5472333
 0.00547556 0.08152706 0.92220364 0.00425943 0.94380586 0.04701474
 0.95019342 0.77162876 0.86996144 0.35960016 0.83943484 0.93685713
 0.62191522 0.82180674]
sampled_indices: [0 0 0 0 0 0 0 0 1 0 1 0 0 0 1 0 1 1 0 0]
nr_photons: [0 0 0 0 0 0 0 0 1 0 1 0 0 0 1 0 1 1 0 0]
[in choose photon after pre-allocate arrays] Memory used: 139.52 MB
[after choose: 1.5868089199066162] Memory used: 139.52 MB
[before detection time:1.5869863033294678] Memory used: 139.52 MB
[before jitter detector: 1.5870561599731445] Memory used: 139.52 MB
[before darkcount: 1.5871188640594482] Memory used: 139.52 MB
total darkcounts: 0
calc_mean_photon_nr_detector_z: [0.02614605 0.16958176 0.16686393 0.18257424 0.17706365 0.17653616
 0.18193881 0.17510548 0.17547864 0.02680958]
nr_photons: 0
dark_count_times_z: [array([], dtype=float64), array([], dtype=float64), array([], dtype=float64), array([], dtype=float64), array([], dtype=float64), array([], dtype=float64), array([], dtype=float64), array([], dtype=float64), array([], dtype=float64), array([], dtype=float64), array([], dtype=float64), array([], dtype=float64), array([], dtype=float64), array([], dtype=float64), array([], dtype=float64), array([], dtype=float64), array([], dtype=float64), array([], dtype=float64), array([], dtype=float64), array([], dtype=float64)]
num_dark_counts_z: [0 0 0 0 0 0 0 0 0 0 0 0 0 0 0 0 0 0 0 0]
time_photons_det_z: []
index_where_photons_det_z: []
wavelength_photons_det_z: []
Execution time for simulation: 1.587722063 seconds for 20 samples
