[Before everything] Memory used: 127.83 MB
Configuration saved to C:\Users\leavi\bachelor\logs\simulation_config_20250422_110403.json
Execution time for reading: 0.008740902 seconds for 20 samples
seed: 831066
T1_dampening at initialize end: 20.219802856445312
voltage at initialize end: -0.2
Voltage_decoy at initialize end: -0.7405843287706373
Voltage_decoy_sup at initialize end: -0.8517826229333878
Voltage_sup at initialize end: -0.44613102972507473
signals: [[-1.23315556 -1.23331799 -1.23347994 ... -1.29558035 -1.29558763
  -1.29559241]
 [-1.29559468 -1.29559446 -1.29559174 ... -1.23618523 -1.23603574
  -1.23588575]
 [-1.23573528 -1.23558431 -1.23543284 ... -1.24173084 -1.24190032
  -1.24206926]
 ...
 [-1.27009432 -1.27030505 -1.27051396 ... -1.25059718 -1.25033194
  -1.25006574]
 [-1.24979857 -1.24953043 -1.24926131 ... -1.27062772 -1.27076967
  -1.27091016]
 [-1.27104921 -1.27118682 -1.27132298 ... -1.23266543 -1.23282928
  -1.23299266]]
(20, 6152) (20, 6152)
[-1.23315556 -1.23331799 -1.23347994 ... -1.2547546  -1.25505359
 -1.2553516 ]
calc_value: [0.18360624 0.1836369  0.02434499 0.17509428 0.18177113 0.1690874
 0.17957689 0.02926252 0.16237496 0.02548128 0.1842226  0.18458655
 0.17571308 0.15944205 0.18177238 0.16943225 0.17555396 0.17578871
 0.02809378 0.16408341]
upper_bounds: [2 2 0 2 2 2 2 0 2 0 2 2 2 2 2 2 2 2 0 2]
max_upper_bound: 2
x: [0 1 2]
probabilities_array_poisson: [[8.32263451e-01 1.52808763e-01 1.40283213e-02]
 [8.32237933e-01 1.52829595e-01 1.40325767e-02]
 [9.75948955e-01 2.37594720e-02 2.89212108e-04]
 [8.39377877e-01 1.46970268e-01 1.28668269e-02]
 [8.33792148e-01 1.51559342e-01 1.37745565e-02]
 [8.44435096e-01 1.42783335e-01 1.20714315e-02]
 [8.35623701e-01 1.50058702e-01 1.34735372e-02]
 [9.71161486e-01 2.84186283e-02 4.15800278e-04]
 [8.50122380e-01 1.38038590e-01 1.12070055e-02]
 [9.74840631e-01 2.48401843e-02 3.16479809e-04]
 [8.31750640e-01 1.53227261e-01 1.41139619e-02]
 [8.31447976e-01 1.53474112e-01 1.41646283e-02]
 [8.38858633e-01 1.47398436e-01 1.29499167e-02]
 [8.52619375e-01 1.35943381e-01 1.08375457e-02]
 [8.33791110e-01 1.51560191e-01 1.37747280e-02]
 [8.44143943e-01 1.43025208e-01 1.21165414e-02]
 [8.38992126e-01 1.47288388e-01 1.29285298e-02]
 [8.38795193e-01 1.47450726e-01 1.29600865e-02]
 [9.72297184e-01 2.73155001e-02 3.83697782e-04]
 [8.48671230e-01 1.39252871e-01 1.14245430e-02]]
probabilities_array_poisson after normalization: [[8.33012716e-01 1.52946333e-01 1.40409506e-02]
 [8.32987534e-01 1.52967250e-01 1.40452159e-02]
 [9.75951259e-01 2.37595281e-02 2.89212791e-04]
 [8.40037330e-01 1.47085735e-01 1.28769357e-02]
 [8.34521481e-01 1.51691913e-01 1.37866053e-02]
 [8.45035187e-01 1.42884803e-01 1.20800099e-02]
 [8.36329613e-01 1.50185468e-01 1.34849193e-02]
 [9.71165454e-01 2.84187444e-02 4.15801977e-04]
 [8.50660018e-01 1.38125889e-01 1.12140931e-02]
 [9.74843268e-01 2.48402515e-02 3.16480666e-04]
 [8.32506670e-01 1.53366539e-01 1.41267909e-02]
 [8.32208018e-01 1.53614406e-01 1.41775765e-02]
 [8.39524388e-01 1.47515418e-01 1.29601943e-02]
 [8.53130996e-01 1.36024955e-01 1.08440488e-02]
 [8.34520457e-01 1.51692766e-01 1.37867772e-02]
 [8.44747353e-01 1.43127445e-01 1.21252025e-02]
 [8.39656257e-01 1.47404979e-01 1.29387638e-02]
 [8.39461721e-01 1.47567894e-01 1.29703849e-02]
 [9.72300702e-01 2.73155989e-02 3.83699170e-04]
 [8.49224378e-01 1.39343633e-01 1.14319893e-02]]
cumulative_probabilities: [[0.83301272 0.98595905 1.        ]
 [0.83298753 0.98595478 1.        ]
 [0.97595126 0.99971079 1.        ]
 [0.84003733 0.98712306 1.        ]
 [0.83452148 0.98621339 1.        ]
 [0.84503519 0.98791999 1.        ]
 [0.83632961 0.98651508 1.        ]
 [0.97116545 0.9995842  1.        ]
 [0.85066002 0.98878591 1.        ]
 [0.97484327 0.99968352 1.        ]
 [0.83250667 0.98587321 1.        ]
 [0.83220802 0.98582242 1.        ]
 [0.83952439 0.98703981 1.        ]
 [0.853131   0.98915595 1.        ]
 [0.83452046 0.98621322 1.        ]
 [0.84474735 0.9878748  1.        ]
 [0.83965626 0.98706124 1.        ]
 [0.83946172 0.98702962 1.        ]
 [0.9723007  0.9996163  1.        ]
 [0.84922438 0.98856801 1.        ]]
random_values: [0.31337882 0.33103187 0.09472487 0.76203967 0.57442548 0.19823123
 0.67667469 0.54746219 0.67815197 0.01676185 0.13783587 0.41644489
 0.85673754 0.388118   0.44204999 0.24582319 0.26553601 0.31939103
 0.73368111 0.79536571]
sampled_indices: [0 0 0 0 0 0 0 0 0 0 0 0 1 0 0 0 0 0 0 0]
nr_photons: [0 0 0 0 0 0 0 0 0 0 0 0 1 0 0 0 0 0 0 0]
[in choose photon after pre-allocate arrays] Memory used: 140.04 MB
[after choose: 1.5906243324279785] Memory used: 140.08 MB
[before detection time:1.5908071994781494] Memory used: 140.08 MB
[before jitter detector: 1.5908913612365723] Memory used: 140.08 MB
[before darkcount: 1.5910301208496094] Memory used: 140.09 MB
total darkcounts: 0
calc_mean_photon_nr_detector_z: [0.18360624 0.1836369  0.02434499 0.17509428 0.18177113 0.1690874
 0.17957689 0.02926252 0.16237496 0.02548128]
nr_photons: 1
dark_count_times_z: [array([], dtype=float64), array([], dtype=float64), array([], dtype=float64), array([], dtype=float64), array([], dtype=float64), array([], dtype=float64), array([], dtype=float64), array([], dtype=float64), array([], dtype=float64), array([], dtype=float64), array([], dtype=float64), array([], dtype=float64), array([], dtype=float64), array([], dtype=float64), array([], dtype=float64), array([], dtype=float64), array([], dtype=float64), array([], dtype=float64), array([], dtype=float64), array([], dtype=float64)]
num_dark_counts_z: [0 0 0 0 0 0 0 0 0 0 0 0 0 0 0 0 0 0 0 0]
time_photons_det_z: [[1.41945017e-10]]
index_where_photons_det_z: [12]
wavelength_photons_det_z: [[1.55080661e-06]]
Execution time for simulation: 1.591733932 seconds for 20 samples
