n_Z_mus_in: [6429], n_Z_mud_in: [3611], n_X_mus_in: [304.], n_X_mud_in: [120.]
m_Z_mus_in: [103], m_Z_mud_in: [124], m_X_mus_in: [4], m_X_mud_in: [8]
QBER_signal: [0.01602115], QBER_decoy: [0.03433952], Pherr_signal: [0.01315789], Pherr_decoy: [0.06666667]
total symbols: 2000000
total_counts: [10703.]
