n_Z_mus_in: [5226], n_Z_mud_in: [3229], n_X_mus_in: [272.], n_X_mud_in: [128.]
m_Z_mus_in: [180], m_Z_mud_in: [205], m_X_mus_in: [31], m_X_mud_in: [15]
QBER_signal: [0.03444317], QBER_decoy: [0.06348715], Pherr_signal: [0.11397059], Pherr_decoy: [0.1171875]
total symbols: 2000000
total_counts: [9286.]
