n_Z_mus_in: [6398], n_Z_mud_in: [3079], n_X_mus_in: [232.], n_X_mud_in: [144.]
m_Z_mus_in: [103], m_Z_mud_in: [111], m_X_mus_in: [9], m_X_mud_in: [6]
QBER_signal: [0.01609878], QBER_decoy: [0.03605067], Pherr_signal: [0.0387931], Pherr_decoy: [0.04166667]
total symbols: 2000000
total_counts: [10082.]
