n_Z_mus_in: [7986], n_Z_mud_in: [6431], n_X_mus_in: [432.], n_X_mud_in: [352.]
m_Z_mus_in: [270], m_Z_mud_in: [282], m_X_mus_in: [6], m_X_mud_in: [6]
QBER_signal: [0.03380917], QBER_decoy: [0.0438501], Pherr_signal: [0.01388889], Pherr_decoy: [0.01704545]
total symbols: 2000000
total_counts: [15765.]
