n_Z_mus_in: [8740], n_Z_mud_in: [3640], n_X_mus_in: [392.], n_X_mud_in: [112.]
m_Z_mus_in: [311], m_Z_mud_in: [283], m_X_mus_in: [1], m_X_mud_in: [1]
QBER_signal: [0.03558352], QBER_decoy: [0.07774725], Pherr_signal: [0.00255102], Pherr_decoy: [0.00892857]
total symbols: 2000000
total_counts: [13480.]
