n_Z_mus_in: [7358], n_Z_mud_in: [3798], n_X_mus_in: [424.], n_X_mud_in: [72.]
m_Z_mus_in: [255], m_Z_mud_in: [244], m_X_mus_in: [3], m_X_mud_in: [5]
QBER_signal: [0.03465616], QBER_decoy: [0.06424434], Pherr_signal: [0.00707547], Pherr_decoy: [0.06944444]
total symbols: 2000000
total_counts: [12159.]
