n_Z_mus_in: [6729], n_Z_mud_in: [5473], n_X_mus_in: [336.], n_X_mud_in: [248.]
m_Z_mus_in: [227], m_Z_mud_in: [253], m_X_mus_in: [5], m_X_mud_in: [2]
QBER_signal: [0.03373458], QBER_decoy: [0.04622693], Pherr_signal: [0.01488095], Pherr_decoy: [0.00806452]
total symbols: 2000000
total_counts: [13273.]
