n_Z_mus_in: [7886], n_Z_mud_in: [1125], n_X_mus_in: [512.], n_X_mud_in: [24.]
m_Z_mus_in: [294], m_Z_mud_in: [267], m_X_mus_in: [3], m_X_mud_in: [2]
QBER_signal: [0.03728126], QBER_decoy: [0.23733333], Pherr_signal: [0.00585938], Pherr_decoy: [0.08333333]
total symbols: 2000000
total_counts: [10113.]
