n_Z_mus_in: [7350], n_Z_mud_in: [4336], n_X_mus_in: [344.], n_X_mud_in: [224.]
m_Z_mus_in: [264], m_Z_mud_in: [243], m_X_mus_in: [4], m_X_mud_in: [5]
QBER_signal: [0.03591837], QBER_decoy: [0.05604244], Pherr_signal: [0.01162791], Pherr_decoy: [0.02232143]
total symbols: 2000000
total_counts: [12770.]
