n_Z_mus_in: [5348], n_Z_mud_in: [3262], n_X_mus_in: [256.], n_X_mud_in: [144.]
m_Z_mus_in: [211], m_Z_mud_in: [185], m_X_mus_in: [69], m_X_mud_in: [62]
QBER_signal: [0.039454], QBER_decoy: [0.05671367], Pherr_signal: [0.26953125], Pherr_decoy: [0.43055556]
total symbols: 2000000
total_counts: [9537.]
