n_Z_mus_in: [5276], n_Z_mud_in: [3238], n_X_mus_in: [304.], n_X_mud_in: [144.]
m_Z_mus_in: [199], m_Z_mud_in: [177], m_X_mus_in: [4], m_X_mud_in: [3]
QBER_signal: [0.03771797], QBER_decoy: [0.05466337], Pherr_signal: [0.01315789], Pherr_decoy: [0.02083333]
total symbols: 2000000
total_counts: [9345.]
