n_Z_mus_in: [5269], n_Z_mud_in: [3192], n_X_mus_in: [344.], n_X_mud_in: [176.]
m_Z_mus_in: [207], m_Z_mud_in: [187], m_X_mus_in: [76], m_X_mud_in: [69]
QBER_signal: [0.03928639], QBER_decoy: [0.05858396], Pherr_signal: [0.22093023], Pherr_decoy: [0.39204545]
total symbols: 2000000
total_counts: [9520.]
