n_Z_mus_in: [5402], n_Z_mud_in: [3258], n_X_mus_in: [328.], n_X_mud_in: [144.]
m_Z_mus_in: [172], m_Z_mud_in: [216], m_X_mus_in: [51], m_X_mud_in: [76]
QBER_signal: [0.03184006], QBER_decoy: [0.06629834], Pherr_signal: [0.1554878], Pherr_decoy: [0.52777778]
total symbols: 2000000
total_counts: [9647.]
