n_Z_mus_in: [5355], n_Z_mud_in: [3284], n_X_mus_in: [224.], n_X_mud_in: [152.]
m_Z_mus_in: [194], m_Z_mud_in: [181], m_X_mus_in: [9], m_X_mud_in: [14]
QBER_signal: [0.03622782], QBER_decoy: [0.05511571], Pherr_signal: [0.04017857], Pherr_decoy: [0.09210526]
total symbols: 2000000
total_counts: [9413.]
