n_Z_mus_in: [5284], n_Z_mud_in: [3180], n_X_mus_in: [248.], n_X_mud_in: [208.]
m_Z_mus_in: [183], m_Z_mud_in: [204], m_X_mus_in: [46], m_X_mud_in: [33]
QBER_signal: [0.03463285], QBER_decoy: [0.06415094], Pherr_signal: [0.18548387], Pherr_decoy: [0.15865385]
total symbols: 2000000
total_counts: [9386.]
