n_Z_mus_in: [5246], n_Z_mud_in: [3174], n_X_mus_in: [240.], n_X_mud_in: [160.]
m_Z_mus_in: [193], m_Z_mud_in: [181], m_X_mus_in: [14], m_X_mud_in: [15]
QBER_signal: [0.03678994], QBER_decoy: [0.05702583], Pherr_signal: [0.05833333], Pherr_decoy: [0.09375]
total symbols: 2000000
total_counts: [9223.]
