n_Z_mus_in: [5345], n_Z_mud_in: [3198], n_X_mus_in: [264.], n_X_mud_in: [120.]
m_Z_mus_in: [181], m_Z_mud_in: [213], m_X_mus_in: [25], m_X_mud_in: [38]
QBER_signal: [0.03386342], QBER_decoy: [0.06660413], Pherr_signal: [0.09469697], Pherr_decoy: [0.31666667]
total symbols: 2000000
total_counts: [9384.]
