n_Z_mus_in: [5300], n_Z_mud_in: [3204], n_X_mus_in: [280.], n_X_mud_in: [168.]
m_Z_mus_in: [190], m_Z_mud_in: [187], m_X_mus_in: [39], m_X_mud_in: [55]
QBER_signal: [0.03584906], QBER_decoy: [0.05836454], Pherr_signal: [0.13928571], Pherr_decoy: [0.32738095]
total symbols: 2000000
total_counts: [9423.]
