n_Z_mus_in: [5301], n_Z_mud_in: [3236], n_X_mus_in: [240.], n_X_mud_in: [112.]
m_Z_mus_in: [163], m_Z_mud_in: [233], m_X_mus_in: [5], m_X_mud_in: [5]
QBER_signal: [0.03074892], QBER_decoy: [0.07200247], Pherr_signal: [0.02083333], Pherr_decoy: [0.04464286]
total symbols: 2000000
total_counts: [9295.]
