n_Z_mus_in: [5365], n_Z_mud_in: [3223], n_X_mus_in: [224.], n_X_mud_in: [192.]
m_Z_mus_in: [173], m_Z_mud_in: [191], m_X_mus_in: [4], m_X_mud_in: [1]
QBER_signal: [0.03224604], QBER_decoy: [0.05926156], Pherr_signal: [0.01785714], Pherr_decoy: [0.00520833]
total symbols: 2000000
