n_Z_mus_in: [5266], n_Z_mud_in: [3209], n_X_mus_in: [264.], n_X_mud_in: [176.]
m_Z_mus_in: [183], m_Z_mud_in: [165], m_X_mus_in: [2], m_X_mud_in: [4]
QBER_signal: [0.03475123], QBER_decoy: [0.05141789], Pherr_signal: [0.00757576], Pherr_decoy: [0.02272727]
total symbols: 2000000
