function_used: None
n_samples: 20000
seed: 882604
non_signal_voltage: -1.2
voltage_decoy: -0.745242926478386
voltage: -0.2
voltage_decoy_sup: -0.8355372935533523
voltage_sup: -0.4324394613504409
p_indep_x_states_non_dec: None
p_indep_x_states_dec: None
Z0_XP_alice_s_part: []
has_0_short: [ 1  2  3  4  5  7  8 10 12 17 19 23 25 26]
has_0_long: [  87  122  177  225  266  507  686  911 1085 1736 1946 2570 2807 2979]
ind_has_0_z0xp: 0
