function_used: run_simulation_detection_tester
n_samples: 20000
seed: 882604
non_signal_voltage: -1.2
voltage_decoy: -0.745242926478386
voltage: -0.2
voltage_decoy_sup: -0.8355372935533523
voltage_sup: -0.4324394613504409
p_indep_x_states_non_dec: None
p_indep_x_states_dec: None
p_vacuum_z: 0.9237980949523739
len_vacuum_indices_x_long: 19814
len_Z_checked_dec: 0
len_Z_checked_non_dec: 672
XP_calc_non_dec: 72.0
XP_calc_dec: 0.0
gain_Z_non_dec: 0.050401260031500784
gain_Z_dec: -999
gain_X_non_dec: 0.01079946002699865
gain_X_dec: -999
wrong_detections_z_dec: []
wrong_detections_z_non_dec: [ 0  1  2  3  4  5  6  7  8  9 10 11]
wrong_detections_x_dec: []
wrong_detections_x_non_dec: []
len_wrong_z_dec: 0
len_wrong_z_non_dec: 12
len_wrong_x_dec: 0
len_wrong_x_non_dec: 0
qber_z_dec: -999
qber_z_non_dec: 0.017857142857142856
qber_x_dec: -999
qber_x_non_dec: 0.0
raw_key_rate: 60477971.061615996
total_amount_detections: 744.0
mean_photon_after_eam: [0.71591216 0.65370694 0.72782366 0.72630667 0.72882187 0.784393
 0.6547837  0.68888018 0.67616643 0.69013313 0.71497744 0.6833968
 0.69287713 0.62121756 0.69725351 0.71916729 0.68422233 0.73155654
 0.74723563 0.65021876]
mean_photon_after_fiber: [0.35880604 0.32762957 0.36477593 0.36401563 0.36527622 0.39312776
 0.32816923 0.34525795 0.33888598 0.34588591 0.35833756 0.34250975
 0.34726117 0.31134631 0.34945456 0.36043746 0.34292349 0.3666468
 0.37450496 0.32588134]
mean_photon_after_basis_choice: [0.17940302 0.16381479 0.18238796 0.18200782 0.18263811 0.19656388
 0.16408461 0.17262898 0.16944299 0.17294296 0.17916878 0.17125488
 0.17363059 0.15567315 0.17472728 0.18021873 0.17146175 0.1833234
 0.18725248 0.16294067]
mean_photon_after_dli: [0.07523309 0.01316532 0.04720116 0.03237339 0.01640243 0.05058879
 0.02937571 0.01508551 0.04418192 0.03116924 0.01521341 0.04563227
 0.03065132 0.01242825 0.04483099 0.03207242 0.01490768 0.04705385
 0.03403807 0.01503959]
calc_mean_photon_nr_detector_x: [0.07523309 0.01316532 0.04720116 ... 0.0457966  0.03123444 0.01522135]
mean_photon_at_detector_of_Z0_XP_symbol_mean_photon_for_whole_symbol: [0.01316532 0.01640243 0.01508551 ... 0.01504438 0.01385616 0.01522135]
