n_Z_mus_in: [7988], n_Z_mud_in: [6648], n_X_mus_in: [384.], n_X_mud_in: [264.]
m_Z_mus_in: [123], m_Z_mud_in: [140], m_X_mus_in: [7], m_X_mud_in: [7]
QBER_signal: [0.0153981], QBER_decoy: [0.02105897], Pherr_signal: [0.01822917], Pherr_decoy: [0.02651515]
total symbols: 2000000
total_counts: [15561.]
