n_Z_mus_in: [9005], n_Z_mud_in: [5103], n_X_mus_in: [384.], n_X_mud_in: [224.]
m_Z_mus_in: [146], m_Z_mud_in: [147], m_X_mus_in: [6], m_X_mud_in: [6]
QBER_signal: [0.01621321], QBER_decoy: [0.02880658], Pherr_signal: [0.015625], Pherr_decoy: [0.02678571]
total symbols: 2000000
total_counts: [15021.]
