n_Z_mus_in: [6442], n_Z_mud_in: [5993], n_X_mus_in: [264.], n_X_mud_in: [216.]
m_Z_mus_in: [115], m_Z_mud_in: [104], m_X_mus_in: [5], m_X_mud_in: [5]
QBER_signal: [0.0178516], QBER_decoy: [0.01735358], Pherr_signal: [0.01893939], Pherr_decoy: [0.02314815]
total symbols: 2000000
total_counts: [13144.]
