n_Z_mus_in: [7424], n_Z_mud_in: [6963], n_X_mus_in: [296.], n_X_mud_in: [384.]
m_Z_mus_in: [121], m_Z_mud_in: [126], m_X_mus_in: [10], m_X_mud_in: [4]
QBER_signal: [0.01629849], QBER_decoy: [0.01809565], Pherr_signal: [0.03378378], Pherr_decoy: [0.01041667]
total symbols: 2000000
total_counts: [15328.]
