n_Z_mus_in: [6974], n_Z_mud_in: [3744], n_X_mus_in: [320.], n_X_mud_in: [152.]
m_Z_mus_in: [119], m_Z_mud_in: [119], m_X_mus_in: [5], m_X_mud_in: [5]
QBER_signal: [0.01706338], QBER_decoy: [0.03178419], Pherr_signal: [0.015625], Pherr_decoy: [0.03289474]
total symbols: 2000000
total_counts: [11438.]
