n_Z_mus_in: [7781], n_Z_mud_in: [6594], n_X_mus_in: [248.], n_X_mud_in: [240.]
m_Z_mus_in: [147], m_Z_mud_in: [138], m_X_mus_in: [8], m_X_mud_in: [8]
QBER_signal: [0.01889217], QBER_decoy: [0.02092812], Pherr_signal: [0.03225806], Pherr_decoy: [0.03333333]
total symbols: 2000000
total_counts: [15164.]
