n_Z_mus_in: [9053], n_Z_mud_in: [6872], n_X_mus_in: [280.], n_X_mud_in: [312.]
m_Z_mus_in: [157], m_Z_mud_in: [141], m_X_mus_in: [8], m_X_mud_in: [8]
QBER_signal: [0.01734232], QBER_decoy: [0.02051804], Pherr_signal: [0.02857143], Pherr_decoy: [0.02564103]
total symbols: 2000000
total_counts: [16831.]
