n_Z_mus_in: [9861], n_Z_mud_in: [6551], n_X_mus_in: [488.], n_X_mud_in: [256.]
m_Z_mus_in: [164], m_Z_mud_in: [155], m_X_mus_in: [11], m_X_mud_in: [5]
QBER_signal: [0.01663117], QBER_decoy: [0.02366051], Pherr_signal: [0.02254098], Pherr_decoy: [0.01953125]
total symbols: 2000000
total_counts: [17491.]
