n_Z_mus_in: [8634], n_Z_mud_in: [8049], n_X_mus_in: [456.], n_X_mud_in: [336.]
m_Z_mus_in: [127], m_Z_mud_in: [161], m_X_mus_in: [6], m_X_mud_in: [6]
QBER_signal: [0.01470929], QBER_decoy: [0.02000248], Pherr_signal: [0.01315789], Pherr_decoy: [0.01785714]
total symbols: 2000000
total_counts: [17775.]
