n_Z_mus_in: [7408], n_Z_mud_in: [5208], n_X_mus_in: [352.], n_X_mud_in: [272.]
m_Z_mus_in: [119], m_Z_mud_in: [124], m_X_mus_in: [7], m_X_mud_in: [4]
QBER_signal: [0.01606371], QBER_decoy: [0.02380952], Pherr_signal: [0.01988636], Pherr_decoy: [0.01470588]
total symbols: 2000000
total_counts: [13494.]
