n_Z_mus_in: [9092], n_Z_mud_in: [7197], n_X_mus_in: [424.], n_X_mud_in: [408.]
m_Z_mus_in: [142], m_Z_mud_in: [148], m_X_mus_in: [7], m_X_mud_in: [8]
QBER_signal: [0.01561813], QBER_decoy: [0.02056412], Pherr_signal: [0.01650943], Pherr_decoy: [0.01960784]
total symbols: 2000000
total_counts: [17426.]
