n_Z_mus_in: [7465], n_Z_mud_in: [3341], n_X_mus_in: [344.], n_X_mud_in: [88.]
m_Z_mus_in: [127], m_Z_mud_in: [119], m_X_mus_in: [7], m_X_mud_in: [3]
QBER_signal: [0.01701273], QBER_decoy: [0.03561808], Pherr_signal: [0.02034884], Pherr_decoy: [0.03409091]
total symbols: 2000000
total_counts: [11494.]
