n_Z_mus_in: [9031], n_Z_mud_in: [4462], n_X_mus_in: [392.], n_X_mud_in: [248.]
m_Z_mus_in: [152], m_Z_mud_in: [164], m_X_mus_in: [7], m_X_mud_in: [5]
QBER_signal: [0.01683092], QBER_decoy: [0.03675482], Pherr_signal: [0.01785714], Pherr_decoy: [0.02016129]
total symbols: 2000000
total_counts: [14461.]
