n_Z_mus_in: [7941], n_Z_mud_in: [4241], n_X_mus_in: [208.], n_X_mud_in: [256.]
m_Z_mus_in: [112], m_Z_mud_in: [120], m_X_mus_in: [12], m_X_mud_in: [9]
QBER_signal: [0.01410402], QBER_decoy: [0.02829521], Pherr_signal: [0.05769231], Pherr_decoy: [0.03515625]
total symbols: 2000000
total_counts: [12899.]
