n_Z_mus_in: [8416], n_Z_mud_in: [5529], n_X_mus_in: [256.], n_X_mud_in: [256.]
m_Z_mus_in: [146], m_Z_mud_in: [140], m_X_mus_in: [4], m_X_mud_in: [5]
QBER_signal: [0.01734791], QBER_decoy: [0.02532103], Pherr_signal: [0.015625], Pherr_decoy: [0.01953125]
total symbols: 2000000
total_counts: [14752.]
