n_Z_mus_in: [8543], n_Z_mud_in: [7581], n_X_mus_in: [424.], n_X_mud_in: [344.]
m_Z_mus_in: [141], m_Z_mud_in: [149], m_X_mus_in: [4], m_X_mud_in: [8]
QBER_signal: [0.01650474], QBER_decoy: [0.0196544], Pherr_signal: [0.00943396], Pherr_decoy: [0.02325581]
total symbols: 2000000
total_counts: [17194.]
