n_Z_mus_in: [10720], n_Z_mud_in: [9759], n_X_mus_in: [488.], n_X_mud_in: [464.]
m_Z_mus_in: [183], m_Z_mud_in: [188], m_X_mus_in: [13], m_X_mud_in: [14]
QBER_signal: [0.0170709], QBER_decoy: [0.01926427], Pherr_signal: [0.02663934], Pherr_decoy: [0.03017241]
total symbols: 2000000
total_counts: [21829.]
