n_Z_mus_in: [6962], n_Z_mud_in: [4816], n_X_mus_in: [312.], n_X_mud_in: [192.]
m_Z_mus_in: [127], m_Z_mud_in: [115], m_X_mus_in: [6], m_X_mud_in: [4]
QBER_signal: [0.01824188], QBER_decoy: [0.02387874], Pherr_signal: [0.01923077], Pherr_decoy: [0.02083333]
total symbols: 2000000
total_counts: [12534.]
