n_Z_mus_in: [8556], n_Z_mud_in: [4429], n_X_mus_in: [408.], n_X_mud_in: [128.]
m_Z_mus_in: [145], m_Z_mud_in: [144], m_X_mus_in: [16], m_X_mud_in: [10]
QBER_signal: [0.01694717], QBER_decoy: [0.03251298], Pherr_signal: [0.03921569], Pherr_decoy: [0.078125]
total symbols: 2000000
total_counts: [13836.]
