n_Z_mus_in: 6770, n_Z_mud_in: 3116, n_X_mus_in: 152.0, n_X_mud_in: 80.0
m_Z_mus_in: 705, m_Z_mud_in: 749, m_X_mus_in: 2, m_X_mud_in: 6
QBER_signal: 0.10413589364844904, QBER_decoy: 0.24037227214377407, Pherr_signal: 0.013157894736842105, Pherr_decoy: 0.075
total symbols: 0
