function_used: identify_x
n_samples: 1000
seed: 607823
non_signal_voltage: -1.2
voltage_decoy: -0.745242926478386
voltage: -0.2
voltage_decoy_sup: -0.8355372935533523
voltage_sup: -0.4324394613504409
p_indep_x_states_non_dec: None
p_indep_x_states_dec: None
Z0_XP_alice_s: [  1   4   7 ... 991 994 997]
XP_Z1_alice_s: [  2   5   8 ... 992 995 998]
has_0_short: []
has_0_long: []
ind_has_0_z0xp: 0
get_original_indexing_x: [314 437 470 606 779]
get_original_indexing_z: [  6  72 174 191 201 267 269 276 282 297 303 386 435 456 458 500 503 519
 531 599 675 684 770 824 839 855 981]
indices_x_long: [  1   4   7 ... 991 994 997]
