total_amount_detections: 0
qber: 0
raw_key_rate: 0.0
gain_XP_norm: 0.0
gain_XP_dec: 0.0
gain_Z_norm: 0.0
gain_Z_dec: 0.0
execution_time_run: 19.912022590637207
time_simulating_signal: 16.04059672355652
time_eam: 18.53872013092041
n_samples: 2000
seed: 45
