function_used: run_simulation_classificator
n_samples: 20000
seed: 128238
non_signal_voltage: -1.1
voltage_decoy: -0.3594885736703873
voltage: -0.1
voltage_decoy_sup: -0.5501043766736986
voltage_sup: -0.38387794196605673
p_indep_x_states_non_dec: None
p_indep_x_states_dec: None
p_vacuum_z: 0.9823548995671957
len_vacuum_indices_x_long: 19935
len_Z_checked_dec: 56
len_Z_checked_non_dec: 233
XP_calc_non_dec: 0.0
XP_calc_dec: 0.0
gain_Z_non_dec: 0.01854357341822523
gain_Z_dec: 0.010262048744731538
gain_X_non_dec: 0.0
gain_X_dec: 0.0
wrong_detections_z_dec: [  2   3   6  13  22  23  30  33  37  47  49  50  52  57  60  62  63  65
  67  70  75  76  79  81  82  83  90  95  98  99 101 104 105 107 111 113
 115 122 127 128 131 135 136 137 139 140 142 145 153 155 159 161 162 166
 169 170 173 180 182 186 187 188 189 194 195 199 206 210 217 218 219 221
 223 225 228 233 234 241 243 246 247 248 250 256 271]
wrong_detections_z_non_dec: [  0   1   4   5   7   8   9  10  11  12  14  15  16  17  18  19  20  21
  24  25  26  27  28  29  31  32  34  35  36  38  39  40  41  42  43  44
  45  46  48  51  53  54  55  56  58  59  61  64  66  68  69  71  72  73
  74  77  78  80  84  85  86  87  88  89  91  92  93  94  96  97 100 102
 103 106 108 109 110 112 114 116 117 118 119 120 121 123 124 125 126 129
 130 132 133 134 138 141 143 144 146 147 148 149 150 151 152 154 156 157
 158 160 163 164 165 167 168 171 172 174 175 176 177 178 179 181 183 184
 185 190 191 192 193 196 197 198 200 201 202 203 204 205 207 208 209 211
 212 213 214 215 216 220 222 224 226 227 229 230 231 232 235 236 237 238
 239 240 242 244 245 249 251 252 253 254 255 257 258 259 260 261 262 263
 264 265 266 267 268 269 270 272]
wrong_detections_x_dec: []
wrong_detections_x_non_dec: []
len_wrong_z_dec: 85
len_wrong_z_non_dec: 188
len_wrong_x_dec: 0
len_wrong_x_non_dec: 0
qber_z_dec: 1.5178571428571428
qber_z_non_dec: 0.8068669527896996
qber_x_dec: -999
qber_x_non_dec: -999
raw_key_rate: 23492115.103235245
total_amount_detections: 289.0
execution_time_run: 165.04471516609192
