function_used: identify_x
n_samples: 5000
seed: 222751
non_signal_voltage: -1.2
voltage_decoy: -0.745242926478386
voltage: -0.2
voltage_decoy_sup: -0.8355372935533523
voltage_sup: -0.4324394613504409
p_indep_x_states_non_dec: None
p_indep_x_states_dec: None
Z0_XP_alice_s: [   1    4    7 ... 4993 4996 4999]
XP_Z1_alice_s: [   2    5    8 ... 4991 4994 4997]
has_0_short: [1 2 3 4 5]
has_0_long: [ 249  692  756  896 1064]
ind_has_0_z0xp: 0
get_original_indexing_x: [ 102  249  692  756  896 1064 1073 1256 1460 1541 1922 1935 1988 1992
 2106 2124 2145 2180 2307 2333 2630 2852 2964 3215 3276 3641 3665 3695
 3789 3905 4061 4146 4154 4196 4293 4323 4421 4761]
get_original_indexing_z: [  86  125  282 ... 4887 4964 4982]
indices_x_long: [   1    4    7 ... 4993 4996 4999]
