function_used: identify_x
n_samples: 20000
seed: 22069
non_signal_voltage: -1.2
voltage_decoy: -0.745242926478386
voltage: -0.2
voltage_decoy_sup: -0.8355372935533523
voltage_sup: -0.4324394613504409
p_indep_x_states_non_dec: None
p_indep_x_states_dec: None
Z0_XP_alice_s: [    1     4     7 ... 19993 19996 19999]
XP_Z1_alice_s: [    2     5     8 ... 19991 19994 19997]
has_0_short: [ 0  3  4  6  7 10 11 12 13 21 22 23 24 26 30 31 32]
has_0_long: [  93  792  896 1164 1205 1337 1485 1496 1499 2705 2720 3008 3105 3251
 3692 3708 3719]
ind_has_0_z0xp: 0
get_original_indexing_x: [   93   161   675 ... 19592 19763 19794]
get_original_indexing_z: [    5   122   144 ... 19956 19959 19976]
indices_x_long: [    1     4     7 ... 19993 19996 19999]
