function_used: sift_vac_x
n_samples: 1000
seed: 607823
non_signal_voltage: -1.2
voltage_decoy: -0.745242926478386
voltage: -0.2
voltage_decoy_sup: -0.8355372935533523
voltage_sup: -0.4324394613504409
p_indep_x_states_non_dec: None
p_indep_x_states_dec: None
get_original_indexing_x: [314 437 470 606 779]
detected_indices_x_det_x_basis: [[1]]
index_where_photons_det_x: [314 437 470 606 676 779]
detected_indices_x: (6, 1)
