n_samples: 18000
seed: 269524
non_signal_voltage: -1.2
voltage_decoy: -0.7405883282423018
voltage: -0.2
voltage_decoy_sup: -0.851786294579506
voltage_sup: -0.446134701371193
p_indep_x_states_non_dec: 0
p_indep_x_states_dec: 0
p_vacuum_z: 0.9176209005002779
len_vacuum_indices_x_long: 17943
len_Z_checked_dec: 13
len_Z_checked_non_dec: 362
XP_calc_non_dec: 0
XP_calc_dec: 0
gain_Z_non_dec: 0.04479643608464299
gain_Z_dec: 0.014223194748358862
gain_X_non_dec: 0.0
gain_X_dec: 0.0
wrong_detections_z_dec: [ 104  188  217  255  347  436  438  956  998 1041 1245 1294 1319 1469
 1560 1573 1579 1611 1879 2106 2143 2322 2533 2583 2703 2749 2779 2812
 2955 3011 3035 3070 3388 3430 3588 3706 3788 3868 3882 3900 3908 3914
 3939 4243 4488 4524 4532 4594 4801 4802 4862 4913 5007 5028 5095 5146
 5268 5280 5319 5371 5396 5445 5529 5587 5599 5681 5683 5874 5892 5946
 5963 6243 6261 6352 6389 6441 6640 6753 6786 6876 6966 7005 7121 7147
 7192 7223 7501 7504 7558 7573 7830 7887 7912 7993 8079 8150 8157 8191
 8383 8460 8480 8544 8614 8631 8656 8699 8725 8812 8837 8921]
wrong_detections_z_non_dec: [  23   99  116  196  299  322  481  579  620  648  758  831  958  983
 1201 1215 1231 1347 1544 1553 1564 1578 1636 1770 1796 1881 1893 1970
 2033 2062 2145 2149 2172 2324 2384 2407 2528 2565 2631 2672 2815 2859
 2889 2910 3105 3508 3917 4063 4104 4182 4487 4587 4727 4761 4993 5072
 5248 5259 5347 5443 5524 5656 5679 5715 5951 6001 6023 6345 6424 6491
 6522 6587 6659 6717 6800 7104 7266 7331 7420 7421 7514 7828 7892 7915
 7949 7950 8232 8305 8415 8488 8498 8521 8528 8590 8650 8674 8696]
wrong_detections_x_dec: []
wrong_detections_x_non_dec: []
len_wrong_z_dec: 110
len_wrong_z_non_dec: 97
len_wrong_x_dec: 0
len_wrong_x_non_dec: 0
len_ind_has_one_0_and_every_second_symbol_non_dec: 0
len_ind_every_second_symbol_dec: 0
len_ind_has_one_0_and_every_second_symbol_dec: 0
len_ind_every_second_symbol_non_dec: 0
execution_time_run: 423.1024737358093
