function_used: run_simulation_detection_tester
n_samples: 5000
seed: 766912
non_signal_voltage: -1.2
voltage_decoy: -0.745242926478386
voltage: -0.2
voltage_decoy_sup: -0.8355372935533523
voltage_sup: -0.4324394613504409
p_indep_x_states_non_dec: None
p_indep_x_states_dec: None
p_vacuum_z: 0.9297929792979298
len_vacuum_indices_x_long: 4956
len_Z_checked_dec: 0
len_Z_checked_non_dec: 171
XP_calc_non_dec: 8.0
XP_calc_dec: 0.0
gain_Z_non_dec: 0.05130513051305131
gain_Z_dec: -999
gain_X_non_dec: 0.004799040191961607
gain_X_dec: -999
wrong_detections_z_dec: []
wrong_detections_z_non_dec: [0 1 2 3 4]
wrong_detections_x_dec: []
wrong_detections_x_non_dec: []
len_wrong_z_dec: 0
len_wrong_z_non_dec: 5
len_wrong_x_dec: 0
len_wrong_x_non_dec: 0
qber_z_dec: -999
qber_z_non_dec: 0.029239766081871343
qber_x_dec: -999
qber_x_non_dec: 0.0
raw_key_rate: 58201918.387254104
total_amount_detections: 179.0
mean_photon_after_eam: [0.68238964 0.68492825 0.66520268 0.68506873 0.67949522 0.69119138
 0.74430965 0.66464471 0.65346057 0.73690175 0.70858327 0.75853416
 0.71561519 0.71896    0.71728023 0.71748396 0.72139026 0.68886875
 0.77103711 0.63301385]
mean_photon_after_fiber: [0.34200498 0.3432773  0.33339109 0.3433477  0.34055433 0.3464163
 0.3730385  0.33311144 0.32750609 0.36932575 0.35513289 0.38016764
 0.3586572  0.36033357 0.35949169 0.3595938  0.36155159 0.34525222
 0.38643396 0.31725846]
mean_photon_after_basis_choice: [0.17100249 0.17163865 0.16669555 0.17167385 0.17027716 0.17320815
 0.18651925 0.16655572 0.16375305 0.18466287 0.17756644 0.19008382
 0.1793286  0.18016679 0.17974585 0.1797969  0.1807758  0.17262611
 0.19321698 0.15862923]
mean_photon_after_dli: [0.0714441  0.01389105 0.04482289 0.03082118 0.01385831 0.04569655
 0.03340899 0.01409837 0.04283788 0.03342909 0.0156829  0.04925616
 0.03216817 0.01484149 0.04812839 0.03216523 0.01522101 0.04651153
 0.03503204 0.01301311]
calc_mean_photon_nr_detector_x: [0.0714441  0.01389105 0.04482289 ... 0.04682711 0.03403026 0.01427818]
mean_photon_at_detector_of_Z0_XP_symbol_mean_photon_for_whole_symbol: [0.01389105 0.01385831 0.01409837 ... 0.01584782 0.01467527 0.01427818]
mean_of_Z0_XP: 0.014485640381382819
index_where_photons_det_z: [  42   71   98  130  131  140  141  161  230  235  241  263  267  286
  306  315  363  383  423  481  510  572  576  578  626  627  629  639
  649  660  678  680  681  743  758  810  831  841  865  876  892  893
  897  911  918  937  952  979  981  990 1034 1041 1113 1150 1168 1176
 1179 1189 1290 1313 1334 1346 1355 1386 1405 1428 1444 1454 1472 1487
 1500 1506 1581 1620 1657 1664 1688 1696 1697 1704 1715 1751 1781 1783
 1788 1803 1831 1839 1845 1846 1861 1865 1873 1972 1982 2021 2044 2051
 2060 2100 2106 2184 2186 2188 2212 2223 2304 2313 2317 2319 2328 2330
 2340 2352 2407 2426 2427 2458 2486 2516 2521 2547 2574 2580 2581 2599
 2605 2616 2660 2661 2699 2705 2709 2730 2753 2769 2777 2795 2825 2845
 2850 2890 2903 2913 2938 2965 2968 3005 3007 3021 3027 3031 3062 3080
 3083 3087 3109 3141 3162 3190 3236 3319 3320 3347 3367 3399 3434 3462
 3467 3473 3492 3493 3510 3518 3536 3544 3653 3704 3717 3722 3740 3779
 3780 3785 3814 3872 3890 3893 3933 3946 3954 3957 3982 4014 4020 4045
 4051 4060 4099 4171 4173 4183 4254 4256 4260 4269 4317 4328 4345 4357
 4434 4438 4502 4520 4523 4535 4569 4571 4572 4603 4645 4685 4703 4748
 4750 4775 4799 4802 4820 4845 4898 4949 4952 4970]
index_where_photons_det_x: [   9   36  113  234  394  537  829  842  990 1043 1596 1729 1797 1835
 2046 2166 2174 2223 2256 2486 2503 2507 2643 2717 2832 3144 3359 3528
 3585 3619 3686 3710 3750 3786 3834 3838 4007 4132 4220 4229 4269 4442
 4586 4635]
time_photons_det_x: (44, 1)
time_photons_det_z: (234, 2)
