n_samples: 18000
seed: 289964
non_signal_voltage: -1.2
voltage_decoy: -0.7405884593725203
voltage: -0.2
voltage_decoy_sup: -0.8517864912748339
voltage_sup: -0.44613483250141145
p_indep_x_states_non_dec: 0
p_indep_x_states_dec: 0
p_vacuum_z: 0.9260169870362092
len_vacuum_indices_x_long: 17954
len_Z_checked_dec: 4
len_Z_checked_non_dec: 330
XP_calc_non_dec: 0
XP_calc_dec: 0
gain_Z_non_dec: 0.040968342644320296
gain_Z_dec: 0.004479283314669653
gain_X_non_dec: 0.0
gain_X_dec: 0.0
wrong_detections_z_dec: [ 175  279  409  470  543  702 1043 1070 1096 1157 1248 1307 1370 1398
 1439 1479 1496 1509 1527 1710 1742 1752 1881 2018 2025 2121 2642 2650
 2653 2767 2807 2935 3077 3108 3161 3171 3305 3382 3397 3416 3430 3603
 4400 4475 4805 4809 4899 5097 5228 5343 5375 5568 5730 5740 5834 5982
 6095 6141 6169 6260 6418 6551 6571 6744 6854 6919 7063 7334 7519 7523
 7673 7762 7853 7997 8026 8027 8131 8147 8218 8575 8786 8920 8948 8951
 9171]
wrong_detections_z_non_dec: [  25  338  341  354  498  524  540  556  579  640  747  759  875 1127
 1253 1282 1315 1334 1361 1375 1491 1630 1974 2027 2070 2077 2090 2115
 2148 2320 2342 2404 2542 2602 3000 3048 3172 3421 3439 3469 3613 3667
 3849 4069 4348 4456 5022 5118 5253 5302 5323 5371 5422 5499 5535 5606
 5789 6003 6200 6229 6329 6433 6688 6831 7037 7114 7271 7305 7323 7455
 7532 7630 7734 8247 8307 8378 8432 8479 8814 9007]
wrong_detections_x_dec: []
wrong_detections_x_non_dec: []
len_wrong_z_dec: 85
len_wrong_z_non_dec: 80
len_wrong_x_dec: 0
len_wrong_x_non_dec: 0
len_ind_has_one_0_and_every_second_symbol_non_dec: 0
len_ind_every_second_symbol_dec: 0
len_ind_has_one_0_and_every_second_symbol_dec: 0
len_ind_every_second_symbol_non_dec: 0
qber_z_dec: 21.25
qber_z_non_dec: 0.24242424242424243
qber_x_dec: -999
qber_x_non_dec: -999
raw_key_rate: 30157679.87138496
total_amount_detections: 334
execution_time_run: 420.3697040081024
