function_used: sift_vac_x
n_samples: 1000
seed: 166174
non_signal_voltage: -1.2
voltage_decoy: -0.745242926478386
voltage: -0.2
voltage_decoy_sup: -0.8355372935533523
voltage_sup: -0.4324394613504409
p_indep_x_states_non_dec: None
p_indep_x_states_dec: None
get_original_indexing_x: [122 144 281 351 465 512 582 705 830 948]
detected_indices_x_det_x_basis: [[0]]
index_where_photons_det_x: [122 144 281 351 465 512 582 705 790 830 948]
detected_indices_x: (11, 1)
