function_used: None
n_samples: 20000
seed: 730044
non_signal_voltage: -1.2
voltage_decoy: -0.745242926478386
voltage: -0.2
voltage_decoy_sup: -0.8355372935533523
voltage_sup: -0.4324394613504409
p_indep_x_states_non_dec: None
p_indep_x_states_dec: None
Z0_XP_alice_s: []
has_0_short: [ 0  5  6  7  8  9 10 17 18 19 20 21 23 24 28]
has_0_long: [ 105  554  680  930  954 1154 1326 2459 2852 2961 3200 3257 3339 3440
 3857]
ind_has_0_z0xp: 0
