function_used: identify_x
n_samples: 10000
seed: 783904
non_signal_voltage: -1.2
voltage_decoy: -0.745242926478386
voltage: -0.2
voltage_decoy_sup: -0.8355372935533523
voltage_sup: -0.4324394613504409
p_indep_x_states_non_dec: None
p_indep_x_states_dec: None
Z0_XP_alice_s: [   1    4    7 ... 9991 9994 9997]
XP_Z1_alice_s: [   2    5    8 ... 9992 9995 9998]
has_0_short: [ 1  3  7  8 10 11 14 15]
has_0_long: [  96  236 1007 1058 1170 1247 1641 1667]
ind_has_0_z0xp: 0
get_original_indexing_x: [  87   96   99  236  264  710  797 1007 1058 1146 1170 1247 1280 1439
 1641 1667 1688 1727 1934 1956 2286 2307 2405 2516 2559 2576 2621 2636
 2666 2865 2867 3038 3306 3327 3414 3455 3647 4245 4355 4730 4748 4781
 4946 5258 5420 5537 5555 5568 5618 5769 5811 5840 5933 5960 6041 6197
 6260 6426 6608 6860 6887 7032 7053 7121 7592 7755 7769 7851 8216 8223
 8231 8297 8606 8756 8805 8981 9174 9341 9618 9669 9743]
get_original_indexing_z: [  89  129  135 ... 9912 9968 9969]
indices_x_long: [   1    4    7 ... 9991 9994 9997]
