function_used: identify_x
n_samples: 5000
seed: 766912
non_signal_voltage: -1.2
voltage_decoy: -0.745242926478386
voltage: -0.2
voltage_decoy_sup: -0.8355372935533523
voltage_sup: -0.4324394613504409
p_indep_x_states_non_dec: None
p_indep_x_states_dec: None
Z0_XP_alice_s: [   1    4    7 ... 4993 4996 4999]
XP_Z1_alice_s: [   2    5    8 ... 4991 4994 4997]
has_0_short: [0 1 3 5 6]
has_0_long: [  9  36 234 842 990]
ind_has_0_z0xp: 0
get_original_indexing_x: [   9   36  113  234  537  842  990 1043 1596 1797 1835 2046 2166 2174
 2223 2256 2486 2507 2643 2717 2832 3144 3359 3528 3585 3686 3710 3750
 3786 3834 4007 4220 4229 4269 4442 4586 4635]
get_original_indexing_z: [  42   71   98 ... 4949 4952 4970]
indices_x_long: [   1    4    7 ... 4993 4996 4999]
