function_used: run_simulation_classificator
n_samples: 20000
seed: 29682
non_signal_voltage: -1.1
voltage_decoy: -0.6942799538373947
voltage: -0.1
voltage_decoy_sup: -0.8032804399728775
voltage_sup: -0.3838792532682418
p_indep_x_states_non_dec: None
p_indep_x_states_dec: None
p_vacuum_z: 0.9207940645678765
len_vacuum_indices_x_long: 20000
len_Z_checked_dec: 0
len_Z_checked_non_dec: 0
XP_calc_non_dec: 0
XP_calc_dec: 0
gain_Z_non_dec: 0
gain_Z_dec: 0
gain_X_non_dec: 0
gain_X_dec: 0
wrong_detections_z_dec: [ 6 12 33 34 39 48 68 89 92]
wrong_detections_z_non_dec: [ 0  1  2  3  4  5  7  8  9 10 11 13 14 15 16 17 18 19 20 21 22 23 24 25
 26 27 28 29 30 31 32 35 36 37 38 40 41 42 43 44 45 46 47 49 50 51 52 53
 54 55 56 57 58 59 60 61 62 63 64 65 66 67 69 70 71 72 73 74 75 76 77 78
 79 80 81 82 83 84 85 86 87 88 90 91 93 94 95 96 97 98 99]
wrong_detections_x_dec: []
wrong_detections_x_non_dec: []
len_wrong_z_dec: 9
len_wrong_z_non_dec: 91
len_wrong_x_dec: 0
len_wrong_x_non_dec: 0
qber_z_dec: -999
qber_z_non_dec: -999
qber_x_dec: -999
qber_x_non_dec: -999
raw_key_rate: 0.0
total_amount_detections: 0
execution_time_run: 129.07556295394897
