function_used: run_simulation_classificator
n_samples: 20000
seed: 990690
non_signal_voltage: -1.1
voltage_decoy: -0.694274380803108
voltage: -0.1
voltage_decoy_sup: -0.8032755225896835
voltage_sup: -0.3838727623224258
p_indep_x_states_non_dec: None
p_indep_x_states_dec: None
p_vacuum_z: 0.9196535244922341
len_vacuum_indices_x_long: 20000
len_Z_checked_dec: 0
len_Z_checked_non_dec: 0
XP_calc_non_dec: 0
XP_calc_dec: 0
gain_Z_non_dec: 0
gain_Z_dec: 0
gain_X_non_dec: 0
gain_X_dec: 0
wrong_detections_z_dec: [  7  11  18  35  43  44  69  77  83  88  89  98 101]
wrong_detections_z_non_dec: [  0   1   2   3   4   5   6   8   9  10  12  13  14  15  16  17  19  20
  21  22  23  24  25  26  27  28  29  30  31  32  33  34  36  37  38  39
  40  41  42  45  46  47  48  49  50  51  52  53  54  55  56  57  58  59
  60  61  62  63  64  65  66  67  68  70  71  72  73  74  75  76  78  79
  80  81  82  84  85  86  87  90  91  92  93  94  95  96  97  99 100 102
 103 104]
wrong_detections_x_dec: []
wrong_detections_x_non_dec: []
len_wrong_z_dec: 13
len_wrong_z_non_dec: 92
len_wrong_x_dec: 0
len_wrong_x_non_dec: 0
qber_z_dec: -999
qber_z_non_dec: -999
qber_x_dec: -999
qber_x_non_dec: -999
raw_key_rate: 0.0
total_amount_detections: 0
execution_time_run: 249.2673943042755
