function_used: run_simulation_detection_tester
n_samples: 20000
seed: 730044
non_signal_voltage: -1.2
voltage_decoy: -0.745242926478386
voltage: -0.2
voltage_decoy_sup: -0.8355372935533523
voltage_sup: -0.4324394613504409
p_indep_x_states_non_dec: None
p_indep_x_states_dec: None
p_vacuum_z: 0.9273981849546239
len_vacuum_indices_x_long: 19826
len_Z_checked_dec: 0
len_Z_checked_non_dec: 657
XP_calc_non_dec: 72.0
XP_calc_dec: 0.0
gain_Z_non_dec: 0.04927623190579764
gain_Z_dec: -999
gain_X_non_dec: 0.01079946002699865
gain_X_dec: -999
wrong_detections_z_dec: []
wrong_detections_z_non_dec: [ 0  1  2  3  4  5  6  7  8  9 10 11]
wrong_detections_x_dec: []
wrong_detections_x_non_dec: []
len_wrong_z_dec: 0
len_wrong_z_non_dec: 12
len_wrong_x_dec: 0
len_wrong_x_non_dec: 0
qber_z_dec: -999
qber_z_non_dec: 0.0182648401826484
qber_x_dec: -999
qber_x_non_dec: 0.0
raw_key_rate: 59258657.12892213
total_amount_detections: 729.0
mean_photon_after_eam: [0.71837905 0.62941922 0.72389744 0.7229598  0.65131905 0.74302326
 0.70049955 0.66916703 0.70600984 0.7077751  0.64997165 0.67864541
 0.71932993 0.67982838 0.6736985  0.73091367 0.66278767 0.74698641
 0.68598406 0.64237183]
mean_photon_after_fiber: [0.36004241 0.31545688 0.36280816 0.36233822 0.32643279 0.37239377
 0.35108143 0.33537797 0.35384312 0.35472785 0.32575749 0.34012842
 0.36051898 0.3407213  0.33764909 0.3663246  0.33218072 0.37438005
 0.34380645 0.32194856]
mean_photon_after_basis_choice: [0.1800212  0.15772844 0.18140408 0.18116911 0.1632164  0.18619689
 0.17554072 0.16768899 0.17692156 0.17736392 0.16287875 0.17006421
 0.18025949 0.17036065 0.16882454 0.1831623  0.16609036 0.18719003
 0.17190323 0.16097428]
mean_photon_after_dli: [0.07550673 0.01247467 0.04655983 0.03275943 0.01266439 0.04827675
 0.03110186 0.01381107 0.04613051 0.03162408 0.01334904 0.04411423
 0.03249334 0.01315176 0.04560786 0.03273376 0.01375925 0.04787941
 0.0305035  0.01342042]
calc_mean_photon_nr_detector_x: [0.07550673 0.01247467 0.04655983 ... 0.048213   0.03497338 0.01410791]
mean_photon_at_detector_of_Z0_XP_symbol_mean_photon_for_whole_symbol: [0.01247467 0.01266439 0.01381107 ... 0.01437386 0.01417506 0.01410791]
