function_used: run_simulation_hist_final
n_samples: 3250
seed: 564713
non_signal_voltage: -1.1
voltage_decoy: -0.6942759543657302
voltage: -0.1
voltage_decoy_sup: -0.8032768994569777
voltage_sup: -0.3838745981454848
p_indep_x_states_non_dec: None
p_indep_x_states_dec: None
