function_used: run_simulation_detection_tester
n_samples: 5000
seed: 222751
non_signal_voltage: -1.2
voltage_decoy: -0.745242926478386
voltage: -0.2
voltage_decoy_sup: -0.8355372935533523
voltage_sup: -0.4324394613504409
p_indep_x_states_non_dec: None
p_indep_x_states_dec: None
p_vacuum_z: 0.9264926492649265
len_vacuum_indices_x_long: 4956
len_Z_checked_dec: 0
len_Z_checked_non_dec: 163
XP_calc_non_dec: 24.0
XP_calc_dec: 0.0
gain_Z_non_dec: 0.048904890489048905
gain_Z_dec: -999
gain_X_non_dec: 0.014397120575884824
gain_X_dec: -999
wrong_detections_z_dec: []
wrong_detections_z_non_dec: [0 1 2 3 4]
wrong_detections_x_dec: []
wrong_detections_x_non_dec: []
len_wrong_z_dec: 0
len_wrong_z_non_dec: 5
len_wrong_x_dec: 0
len_wrong_x_non_dec: 0
qber_z_dec: -999
qber_z_non_dec: 0.03067484662576687
qber_x_dec: -999
qber_x_non_dec: 0.0
raw_key_rate: 60803121.443667695
total_amount_detections: 187.0
mean_photon_after_eam: [0.71696168 0.66141968 0.64168733 0.75698052 0.66875948 0.77078602
 0.7301215  0.6448509  0.72848832 0.68790379 0.74050873 0.75032454
 0.65463563 0.68671844 0.70115718 0.74265422 0.64065227 0.70246041
 0.69245931 0.6430385 ]
mean_photon_after_fiber: [0.35933204 0.3314951  0.3216055  0.37938897 0.33517371 0.38630811
 0.36592758 0.32319104 0.36510905 0.3447686  0.37113352 0.37605308
 0.32809502 0.34417451 0.35141103 0.37220881 0.32108674 0.35206419
 0.34705177 0.32228268]
mean_photon_after_basis_choice: [0.17966602 0.16574755 0.16080275 0.18969449 0.16758686 0.19315406
 0.18296379 0.16159552 0.18255452 0.1723843  0.18556676 0.18802654
 0.16404751 0.17208726 0.17570551 0.18610441 0.16054337 0.17603209
 0.17352588 0.16114134]
mean_photon_after_dli: [0.07533877 0.01470654 0.04145853 0.03561422 0.0132142  0.04997001
 0.03270578 0.0128244  0.04725772 0.03047303 0.01630641 0.04969094
 0.02945461 0.01491816 0.0455295  0.03331496 0.01389366 0.04465918
 0.03066938 0.01369065]
calc_mean_photon_nr_detector_x: [0.07533877 0.01470654 0.04145853 ... 0.04785448 0.03284915 0.01446159]
mean_photon_at_detector_of_Z0_XP_symbol_mean_photon_for_whole_symbol: [0.01470654 0.0132142  0.0128244  ... 0.01438448 0.01571785 0.01446159]
mean_of_Z0_XP: 0.014495151169641677
index_where_photons_det_z: [  52   86  103  125  127  196  253  282  297  299  312  326  334  363
  400  405  407  430  464  482  506  550  554  557  590  593  620  639
  642  657  677  679  695  732  737  790  792  837  843  857  859  873
  881  940  945  961  984 1048 1114 1120 1141 1160 1164 1169 1203 1208
 1226 1241 1263 1269 1344 1351 1391 1413 1480 1487 1489 1492 1507 1532
 1534 1543 1550 1614 1621 1633 1655 1665 1678 1717 1733 1737 1757 1776
 1777 1778 1780 1828 1927 1938 2025 2052 2094 2136 2143 2179 2229 2242
 2243 2258 2283 2325 2330 2340 2356 2361 2362 2384 2426 2454 2461 2495
 2498 2518 2544 2549 2552 2582 2667 2677 2687 2691 2697 2698 2718 2748
 2750 2761 2779 2792 2802 2828 2894 2903 2921 2938 2940 2952 3025 3044
 3117 3120 3122 3136 3167 3169 3218 3284 3295 3307 3322 3344 3359 3368
 3395 3398 3410 3429 3436 3442 3448 3467 3476 3486 3497 3503 3505 3518
 3523 3543 3546 3556 3567 3580 3600 3624 3677 3682 3718 3745 3750 3780
 3786 3802 3827 3829 3850 3864 3870 3971 3992 3994 3998 4006 4026 4027
 4034 4039 4055 4084 4149 4164 4190 4195 4200 4201 4212 4217 4239 4257
 4273 4310 4314 4345 4364 4368 4403 4409 4455 4461 4465 4468 4485 4511
 4524 4534 4562 4567 4586 4587 4619 4633 4659 4730 4753 4806 4823 4828
 4845 4880 4887 4936 4945 4964 4982]
index_where_photons_det_x: [ 102  249  692  756  896 1012 1064 1073 1256 1460 1541 1922 1935 1988
 1992 2106 2124 2145 2180 2307 2333 2362 2630 2852 2964 3103 3215 3223
 3276 3641 3665 3695 3789 3905 4061 4146 4154 4196 4293 4323 4421 4720
 4761 4993]
time_photons_det_x: (44, 1)
time_photons_det_z: (245, 2)
