total_amount_detections: 0
qber: 0
raw_key_rate: 0.0
gain_XP_norm: 0.0
gain_XP_dec: 0.0
gain_Z_norm: 0.0
gain_Z_dec: 0.0
execution_time_run: 21.774985313415527
time_simulating_signal: 17.936319828033447
time_eam: 20.43629217147827
