function_used: run_simulation_detection_tester
n_samples: 5000
seed: 56879
non_signal_voltage: -1.2
voltage_decoy: -0.745242926478386
voltage: -0.2
voltage_decoy_sup: -0.8355372935533523
voltage_sup: -0.4324394613504409
p_indep_x_states_non_dec: None
p_indep_x_states_dec: None
p_vacuum_z: 0.9261926192619262
len_vacuum_indices_x_long: 4953
len_Z_checked_dec: 0
len_Z_checked_non_dec: 167
XP_calc_non_dec: 8.0
XP_calc_dec: 0.0
gain_Z_non_dec: 0.0501050105010501
gain_Z_dec: -999
gain_X_non_dec: 0.004799040191961607
gain_X_dec: -999
wrong_detections_z_dec: []
wrong_detections_z_non_dec: [0 1 2 3 4 5 6]
wrong_detections_x_dec: []
wrong_detections_x_non_dec: []
len_wrong_z_dec: 0
len_wrong_z_non_dec: 7
len_wrong_x_dec: 0
len_wrong_x_non_dec: 0
qber_z_dec: -999
qber_z_non_dec: 0.041916167664670656
qber_x_dec: -999
qber_x_non_dec: 0.0
raw_key_rate: 56901316.85904731
total_amount_detections: 175.0
mean_photon_after_eam: [0.70479478 0.72338529 0.74182477 0.67685106 0.67668725 0.76974369
 0.67383939 0.68748628 0.70487333 0.7104015  0.72995461 0.68160811
 0.77122926 0.72874009 0.74836196 0.75641382 0.66108309 0.69060674
 0.70600037 0.69857391]
mean_photon_after_fiber: [0.35323415 0.36255147 0.37179311 0.33922911 0.33914701 0.38578571
 0.3377197  0.34455935 0.35327351 0.35604416 0.36584393 0.34161328
 0.38653026 0.36523523 0.37506946 0.37910495 0.33132641 0.34612328
 0.35383837 0.35011632]
mean_photon_after_basis_choice: [0.17661707 0.18127573 0.18589655 0.16961456 0.16957351 0.19289285
 0.16885985 0.17227967 0.17663676 0.17802208 0.18292197 0.17080664
 0.19326513 0.18261761 0.18753473 0.18955247 0.1656632  0.17306164
 0.17691919 0.17505816]
mean_photon_after_dli: [0.07397104 0.01540366 0.04906776 0.03006185 0.01553678 0.04850878
 0.03066681 0.01461386 0.04628837 0.03154798 0.01545694 0.04612158
 0.03528754 0.01591736 0.04927382 0.03391557 0.01350712 0.04510537
 0.03218781 0.01487533]
calc_mean_photon_nr_detector_x: [0.07397104 0.01540366 0.04906776 ... 0.04676046 0.03033136 0.01556735]
mean_photon_at_detector_of_Z0_XP_symbol_mean_photon_for_whole_symbol: [0.01540366 0.01553678 0.01461386 ... 0.01539179 0.01434825 0.01556735]
mean_of_Z0_XP: 0.014462155208218646
index_where_photons_det_z: [  26   33   37   43   44   45  101  102  120  125  131  145  164  173
  188  197  210  247  273  347  361  371  379  408  454  463  478  497
  518  584  618  646  655  668  680  718  720  726  745  751  757  776
  784  828  857  895  899  948  992  998 1047 1048 1061 1102 1105 1124
 1134 1154 1172 1173 1184 1212 1243 1244 1262 1264 1299 1313 1357 1383
 1399 1430 1450 1471 1479 1522 1561 1625 1649 1651 1655 1677 1683 1688
 1706 1726 1733 1768 1775 1827 1830 1843 1844 1864 1890 1897 1919 1933
 1950 1982 1985 2006 2007 2023 2030 2044 2056 2086 2132 2147 2172 2189
 2198 2205 2206 2265 2295 2368 2370 2380 2435 2436 2462 2473 2513 2549
 2553 2575 2588 2623 2664 2691 2696 2697 2711 2751 2786 2805 2818 2832
 2903 2904 2928 2938 2945 2948 2980 2986 2999 3000 3014 3022 3023 3031
 3094 3116 3147 3152 3159 3183 3189 3230 3240 3300 3312 3354 3373 3379
 3382 3411 3439 3440 3479 3495 3521 3527 3530 3546 3570 3573 3607 3608
 3628 3671 3675 3677 3764 3768 3772 3847 3858 3863 3871 3874 3888 3917
 3926 3942 3967 3975 3984 4014 4055 4057 4064 4078 4115 4146 4178 4190
 4201 4228 4233 4241 4255 4265 4278 4280 4292 4368 4380 4414 4418 4434
 4446 4493 4536 4541 4622 4630 4655 4690 4708 4709 4722 4747 4751 4775
 4780 4792 4807 4809 4905 4907 4911 4957]
index_where_photons_det_x: [  45  185  188  201  209  338  452  455  623  647  656  737  762  861
 1049 1051 1097 1185 1305 1442 1505 1510 1808 1913 1927 2036 2115 2141
 2521 2766 2873 3038 3044 3354 3408 3764 4028 4032 4379 4547 4601 4607
 4625 4726 4882 4911 4975]
time_photons_det_x: (47, 1)
time_photons_det_z: (246, 2)
