function_used: run_simulation_detection_tester
n_samples: 20000
seed: 22069
non_signal_voltage: -1.2
voltage_decoy: -0.745242926478386
voltage: -0.2
voltage_decoy_sup: -0.8355372935533523
voltage_sup: -0.4324394613504409
p_indep_x_states_non_dec: None
p_indep_x_states_dec: None
p_vacuum_z: 0.9225980649516238
len_vacuum_indices_x_long: 19822
len_Z_checked_dec: 0
len_Z_checked_non_dec: 684
XP_calc_non_dec: 88.0
XP_calc_dec: 0.0
gain_Z_non_dec: 0.0513012825320633
gain_Z_dec: -999
gain_X_non_dec: 0.01319934003299835
gain_X_dec: -999
wrong_detections_z_dec: []
wrong_detections_z_non_dec: [ 0  1  2  3  4  5  6  7  8  9 10 11 12 13 14 15 16 17 18 19 20]
wrong_detections_x_dec: []
wrong_detections_x_non_dec: []
len_wrong_z_dec: 0
len_wrong_z_non_dec: 21
len_wrong_x_dec: 0
len_wrong_x_non_dec: 0
qber_z_dec: -999
qber_z_non_dec: 0.03070175438596491
qber_x_dec: -999
qber_x_non_dec: 0.0
raw_key_rate: 62754023.73597789
total_amount_detections: 772.0
mean_photon_after_eam: [0.70032182 0.70467798 0.68463231 0.75144237 0.69496418 0.68910168
 0.72139785 0.74038257 0.69897893 0.70362663 0.66853348 0.70905915
 0.69967902 0.65485311 0.69538075 0.71357037 0.65406638 0.73101431
 0.72915998 0.65952987]
mean_photon_after_fiber: [0.35099235 0.35317561 0.34312897 0.37661332 0.34830717 0.34536896
 0.36155539 0.37107029 0.35031932 0.35264869 0.33506044 0.35537139
 0.35067019 0.32820402 0.34851595 0.35763236 0.32780972 0.36637504
 0.36544567 0.33054795]
mean_photon_after_basis_choice: [0.17549618 0.1765878  0.17156449 0.18830666 0.17415359 0.17268448
 0.1807777  0.18553515 0.17515966 0.17632434 0.16753022 0.1776857
 0.1753351  0.16410201 0.17425798 0.17881618 0.16390486 0.18318752
 0.18272284 0.16527398]
mean_photon_after_dli: [0.07347107 0.01487693 0.04579506 0.03381639 0.01472613 0.04547928
 0.03243673 0.01554243 0.04739599 0.03126119 0.01439528 0.04584501
 0.03175359 0.01367356 0.04483445 0.03174702 0.01292107 0.04765874
 0.0326841  0.01354323]
calc_mean_photon_nr_detector_x: [0.07347107 0.01487693 0.04579506 ... 0.04686219 0.03139284 0.01574994]
mean_photon_at_detector_of_Z0_XP_symbol_mean_photon_for_whole_symbol: [0.01487693 0.01472613 0.01554243 ... 0.01343428 0.01367283 0.01574994]
mean_of_Z0_XP: 0.014449292582988707
index_where_photons_det_z: [    5    82   121 ... 19959 19963 19976]
index_where_photons_det_x: [   93   161   178   675   792   896   913  1160  1164  1205  1263  1285
  1331  1337  1485  1496  1499  1778  2450  2555  2591  2612  2648  2660
  2705  2719  2720  2872  3008  3105  3222  3251  3378  3398  3554  3692
  3708  3719  3734  3758  3854  3945  4017  4021  4329  4466  4595  4977
  4980  5052  5054  5078  5618  5724  5799  5888  5951  6078  6221  6575
  6698  7064  7067  7118  7164  7207  7209  7339  7433  7601  7622  7667
  7687  7836  7910  8386  8437  8484  8743  8744  8747  8877  8884  8894
  9129  9167  9173  9348  9462  9543  9563  9572  9632  9716  9800  9846
  9948 10088 10161 10360 10412 10634 10790 10886 10907 11033 11162 11243
 11250 11412 11424 11738 11921 12152 12227 12351 12395 12410 12925 13109
 13131 13213 13246 13439 13511 13525 13661 13676 13825 13985 14145 14393
 14670 14810 14860 14905 15082 15240 15296 15345 15742 15772 15818 15858
 16086 16091 16111 16150 16442 16566 16824 16923 16951 16994 17043 17098
 17199 17576 17708 17789 18046 18098 18148 18428 18443 18480 18482 18710
 18750 19009 19198 19375 19486 19496 19585 19592 19763 19794]
time_photons_det_x: (178, 1)
time_photons_det_z: (1032, 2)
