function_used: run_simulation_detection_tester
n_samples: 5000
seed: 659661
non_signal_voltage: -1.2
voltage_decoy: -0.745242926478386
voltage: -0.2
voltage_decoy_sup: -0.8355372935533523
voltage_sup: -0.4324394613504409
p_indep_x_states_non_dec: None
p_indep_x_states_dec: None
p_vacuum_z: 0.918091809180918
len_vacuum_indices_x_long: 4953
len_Z_checked_dec: 0
len_Z_checked_non_dec: 184
XP_calc_non_dec: 24.0
XP_calc_dec: 0.0
gain_Z_non_dec: 0.05520552055205521
gain_Z_dec: -999
gain_X_non_dec: 0.014397120575884824
gain_X_dec: -999
wrong_detections_z_dec: []
wrong_detections_z_non_dec: [0 1 2]
wrong_detections_x_dec: []
wrong_detections_x_non_dec: []
len_wrong_z_dec: 0
len_wrong_z_non_dec: 3
len_wrong_x_dec: 0
len_wrong_x_non_dec: 0
qber_z_dec: -999
qber_z_non_dec: 0.016304347826086956
qber_x_dec: -999
qber_x_non_dec: 0.0
raw_key_rate: 67631279.46675338
total_amount_detections: 208.0
mean_photon_after_eam: [0.69096908 0.66347284 0.72003151 0.68943165 0.71497418 0.73181134
 0.72450132 0.67663354 0.81489126 0.71343294 0.6891375  0.71686877
 0.69479523 0.66195138 0.74026366 0.70674504 0.72838586 0.65691799
 0.70035797 0.65815986]
mean_photon_after_fiber: [0.34630488 0.33252412 0.3608706  0.34553434 0.35833593 0.3667745
 0.36311081 0.33912009 0.4084131  0.35756348 0.34538692 0.35928548
 0.3482225  0.33176158 0.3710107  0.35421159 0.36505769 0.32923891
 0.35101048 0.32986132]
mean_photon_after_basis_choice: [0.17315244 0.16626206 0.1804353  0.17276717 0.17916796 0.18338725
 0.18155541 0.16956005 0.20420655 0.17878174 0.17269346 0.17964274
 0.17411125 0.16588079 0.18550535 0.1771058  0.18252885 0.16461945
 0.17550524 0.16493066]
mean_photon_after_dli: [0.07240998 0.01364853 0.04712167 0.03058399 0.0156166  0.048163
 0.03266904 0.01466294 0.05122594 0.03213507 0.01590047 0.04560659
 0.03081452 0.01365784 0.04770786 0.03159126 0.01547775 0.04472615
 0.03138869 0.01249863]
calc_mean_photon_nr_detector_x: [0.07240998 0.01364853 0.04712167 ... 0.044423   0.03343308 0.01454226]
mean_photon_at_detector_of_Z0_XP_symbol_mean_photon_for_whole_symbol: [0.01364853 0.0156166  0.01466294 ... 0.0156438  0.0142937  0.01454226]
