n_Z_mus_in: [3438], n_Z_mud_in: [2815], n_X_mus_in: [192.], n_X_mud_in: [168.]
m_Z_mus_in: [159], m_Z_mud_in: [144], m_X_mus_in: [2], m_X_mud_in: [1]
QBER_signal: [0.04624782], QBER_decoy: [0.05115453], Pherr_signal: [0.01041667], Pherr_decoy: [0.00595238]
total symbols: 4000000
total_counts: [6919.]
