n_Z_mus_in: [8099], n_Z_mud_in: [6548], n_X_mus_in: [368.], n_X_mud_in: [288.]
m_Z_mus_in: [312], m_Z_mud_in: [282], m_X_mus_in: [4], m_X_mud_in: [3]
QBER_signal: [0.03852327], QBER_decoy: [0.04306659], Pherr_signal: [0.01086957], Pherr_decoy: [0.01041667]
total symbols: 4000000
total_counts: [15904.]
