n_Z_mus_in: [9078], n_Z_mud_in: [8351], n_X_mus_in: [376.], n_X_mud_in: [416.]
m_Z_mus_in: [321], m_Z_mud_in: [335], m_X_mus_in: [8], m_X_mud_in: [6]
QBER_signal: [0.03536021], QBER_decoy: [0.04011496], Pherr_signal: [0.0212766], Pherr_decoy: [0.01442308]
total symbols: 4000000
total_counts: [18891.]
