n_Z_mus_in: [3921], n_Z_mud_in: [2327], n_X_mus_in: [176.], n_X_mud_in: [104.]
m_Z_mus_in: [155], m_Z_mud_in: [142], m_X_mus_in: [2], m_X_mud_in: [1]
QBER_signal: [0.03953073], QBER_decoy: [0.06102278], Pherr_signal: [0.01136364], Pherr_decoy: [0.00961538]
total symbols: 4000000
total_counts: [6828.]
