n_Z_mus_in: [7335], n_Z_mud_in: [6858], n_X_mus_in: [368.], n_X_mud_in: [344.]
m_Z_mus_in: [278], m_Z_mud_in: [276], m_X_mus_in: [1], m_X_mud_in: [4]
QBER_signal: [0.03790048], QBER_decoy: [0.04024497], Pherr_signal: [0.00271739], Pherr_decoy: [0.01162791]
total symbols: 4000000
total_counts: [15464.]
