n_Z_mus_in: [9519], n_Z_mud_in: [7249], n_X_mus_in: [512.], n_X_mud_in: [392.]
m_Z_mus_in: [354], m_Z_mud_in: [363], m_X_mus_in: [1], m_X_mud_in: [10]
QBER_signal: [0.03718878], QBER_decoy: [0.05007587], Pherr_signal: [0.00195312], Pherr_decoy: [0.0255102]
total symbols: 4000000
total_counts: [18400.]
