n_Z_mus_in: [3754], n_Z_mud_in: [2819], n_X_mus_in: [184.], n_X_mud_in: [112.]
m_Z_mus_in: [153], m_Z_mud_in: [186], m_X_mus_in: [1], m_X_mud_in: [3]
QBER_signal: [0.04075653], QBER_decoy: [0.06598084], Pherr_signal: [0.00543478], Pherr_decoy: [0.02678571]
total symbols: 4000000
total_counts: [7212.]
