n_Z_mus_in: [9207], n_Z_mud_in: [6842], n_X_mus_in: [440.], n_X_mud_in: [408.]
m_Z_mus_in: [353], m_Z_mud_in: [350], m_X_mus_in: [4], m_X_mud_in: [4]
QBER_signal: [0.03834039], QBER_decoy: [0.05115463], Pherr_signal: [0.00909091], Pherr_decoy: [0.00980392]
total symbols: 4000000
total_counts: [17608.]
