n_Z_mus_in: [6819], n_Z_mud_in: [4104], n_X_mus_in: [520.], n_X_mud_in: [176.]
m_Z_mus_in: [227], m_Z_mud_in: [228], m_X_mus_in: [3], m_X_mud_in: [3]
QBER_signal: [0.03328934], QBER_decoy: [0.05555556], Pherr_signal: [0.00576923], Pherr_decoy: [0.01704545]
total symbols: 2000000
total_counts: [12080.]
