n_Z_mus_in: [5246], n_Z_mud_in: [3994], n_X_mus_in: [216.], n_X_mud_in: [216.]
m_Z_mus_in: [194], m_Z_mud_in: [203], m_X_mus_in: [2], m_X_mud_in: [1]
QBER_signal: [0.03698056], QBER_decoy: [0.05082624], Pherr_signal: [0.00925926], Pherr_decoy: [0.00462963]
total symbols: 2000000
total_counts: [10072.]
