n_Z_mus_in: [6996], n_Z_mud_in: [6609], n_X_mus_in: [320.], n_X_mud_in: [344.]
m_Z_mus_in: [247], m_Z_mud_in: [257], m_X_mus_in: [5], m_X_mud_in: [1]
QBER_signal: [0.03530589], QBER_decoy: [0.03888637], Pherr_signal: [0.015625], Pherr_decoy: [0.00290698]
total symbols: 2000000
total_counts: [14779.]
