n_Z_mus_in: [6099], n_Z_mud_in: [2938], n_X_mus_in: [240.], n_X_mud_in: [120.]
m_Z_mus_in: [213], m_Z_mud_in: [207], m_X_mus_in: [2], m_X_mud_in: [1]
QBER_signal: [0.03492376], QBER_decoy: [0.07045609], Pherr_signal: [0.00833333], Pherr_decoy: [0.00833333]
total symbols: 2000000
total_counts: [9820.]
