n_Z_mus_in: [7005], n_Z_mud_in: [5494], n_X_mus_in: [296.], n_X_mud_in: [336.]
m_Z_mus_in: [254], m_Z_mud_in: [228], m_X_mus_in: [2], m_X_mud_in: [2]
QBER_signal: [0.03625981], QBER_decoy: [0.04149982], Pherr_signal: [0.00675676], Pherr_decoy: [0.00595238]
total symbols: 2000000
total_counts: [13617.]
