n_Z_mus_in: [7375], n_Z_mud_in: [5202], n_X_mus_in: [488.], n_X_mud_in: [168.]
m_Z_mus_in: [256], m_Z_mud_in: [242], m_X_mus_in: [3], m_X_mud_in: [5]
QBER_signal: [0.03471186], QBER_decoy: [0.04652057], Pherr_signal: [0.00614754], Pherr_decoy: [0.0297619]
total symbols: 2000000
total_counts: [13739.]
