n_Z_mus_in: [8773], n_Z_mud_in: [8044], n_X_mus_in: [440.], n_X_mud_in: [384.]
m_Z_mus_in: [310], m_Z_mud_in: [290], m_X_mus_in: [9], m_X_mud_in: [5]
QBER_signal: [0.03533569], QBER_decoy: [0.03605172], Pherr_signal: [0.02045455], Pherr_decoy: [0.01302083]
total symbols: 2000000
total_counts: [18255.]
