n_Z_mus_in: [7487], n_Z_mud_in: [5968], n_X_mus_in: [344.], n_X_mud_in: [312.]
m_Z_mus_in: [262], m_Z_mud_in: [246], m_X_mus_in: [5], m_X_mud_in: [2]
QBER_signal: [0.03499399], QBER_decoy: [0.04121984], Pherr_signal: [0.01453488], Pherr_decoy: [0.00641026]
total symbols: 2000000
total_counts: [14626.]
