n_Z_mus_in: [6830], n_Z_mud_in: [5673], n_X_mus_in: [272.], n_X_mud_in: [304.]
m_Z_mus_in: [262], m_Z_mud_in: [276], m_X_mus_in: [4], m_X_mud_in: [2]
QBER_signal: [0.03836018], QBER_decoy: [0.04865151], Pherr_signal: [0.01470588], Pherr_decoy: [0.00657895]
total symbols: 4000000
total_counts: [13623.]
