n_Z_mus_in: [7553], n_Z_mud_in: [6682], n_X_mus_in: [272.], n_X_mud_in: [232.]
m_Z_mus_in: [236], m_Z_mud_in: [251], m_X_mus_in: [2], m_X_mud_in: [8]
QBER_signal: [0.03124586], QBER_decoy: [0.0375636], Pherr_signal: [0.00735294], Pherr_decoy: [0.03448276]
total symbols: 2000000
total_counts: [15236.]
