n_Z_mus_in: [6996], n_Z_mud_in: [4827], n_X_mus_in: [376.], n_X_mud_in: [288.]
m_Z_mus_in: [250], m_Z_mud_in: [248], m_X_mus_in: [1], m_X_mud_in: [5]
QBER_signal: [0.03573471], QBER_decoy: [0.05137767], Pherr_signal: [0.00265957], Pherr_decoy: [0.01736111]
total symbols: 4000000
total_counts: [12991.]
