n_Z_mus_in: [6463], n_Z_mud_in: [5538], n_X_mus_in: [328.], n_X_mud_in: [288.]
m_Z_mus_in: [232], m_Z_mud_in: [213], m_X_mus_in: [6], m_X_mud_in: [2]
QBER_signal: [0.03589664], QBER_decoy: [0.03846154], Pherr_signal: [0.01829268], Pherr_decoy: [0.00694444]
total symbols: 2000000
total_counts: [13070.]
