n_Z_mus_in: [7523], n_Z_mud_in: [3231], n_X_mus_in: [312.], n_X_mud_in: [104.]
m_Z_mus_in: [259], m_Z_mud_in: [265], m_X_mus_in: [4], m_X_mud_in: [4]
QBER_signal: [0.03442775], QBER_decoy: [0.08201795], Pherr_signal: [0.01282051], Pherr_decoy: [0.03846154]
total symbols: 2000000
total_counts: [11702.]
