n_Z_mus_in: [7376], n_Z_mud_in: [6413], n_X_mus_in: [264.], n_X_mud_in: [336.]
m_Z_mus_in: [256], m_Z_mud_in: [274], m_X_mus_in: [2], m_X_mud_in: [6]
QBER_signal: [0.03470716], QBER_decoy: [0.04272571], Pherr_signal: [0.00757576], Pherr_decoy: [0.01785714]
total symbols: 2000000
total_counts: [14927.]
