n_Z_mus_in: [5573], n_Z_mud_in: [3234], n_X_mus_in: [288.], n_X_mud_in: [144.]
m_Z_mus_in: [192], m_Z_mud_in: [189], m_X_mus_in: [2], m_X_mud_in: [1]
QBER_signal: [0.03445182], QBER_decoy: [0.05844156], Pherr_signal: [0.00694444], Pherr_decoy: [0.00694444]
total symbols: 2000000
total_counts: [9623.]
