n_Z_mus_in: [7337], n_Z_mud_in: [6163], n_X_mus_in: [344.], n_X_mud_in: [368.]
m_Z_mus_in: [266], m_Z_mud_in: [240], m_X_mus_in: [2], m_X_mud_in: [1]
QBER_signal: [0.0362546], QBER_decoy: [0.03894207], Pherr_signal: [0.00581395], Pherr_decoy: [0.00271739]
total symbols: 2000000
total_counts: [14721.]
