n_Z_mus_in: [8657], n_Z_mud_in: [7412], n_X_mus_in: [416.], n_X_mud_in: [392.]
m_Z_mus_in: [307], m_Z_mud_in: [305], m_X_mus_in: [5], m_X_mud_in: [6]
QBER_signal: [0.03546263], QBER_decoy: [0.04114949], Pherr_signal: [0.01201923], Pherr_decoy: [0.01530612]
total symbols: 2000000
total_counts: [17500.]
