n_Z_mus_in: [7443], n_Z_mud_in: [5640], n_X_mus_in: [392.], n_X_mud_in: [312.]
m_Z_mus_in: [259], m_Z_mud_in: [256], m_X_mus_in: [4], m_X_mud_in: [4]
QBER_signal: [0.0347978], QBER_decoy: [0.04539007], Pherr_signal: [0.01020408], Pherr_decoy: [0.01282051]
total symbols: 2000000
total_counts: [14310.]
