n_Z_mus_in: [6571], n_Z_mud_in: [4409], n_X_mus_in: [288.], n_X_mud_in: [192.]
m_Z_mus_in: [215], m_Z_mud_in: [233], m_X_mus_in: [3], m_X_mud_in: [3]
QBER_signal: [0.03271953], QBER_decoy: [0.05284645], Pherr_signal: [0.01041667], Pherr_decoy: [0.015625]
total symbols: 2000000
total_counts: [11914.]
