n_Z_mus_in: [6567], n_Z_mud_in: [4124], n_X_mus_in: [384.], n_X_mud_in: [256.]
m_Z_mus_in: [232], m_Z_mud_in: [233], m_X_mus_in: [5], m_X_mud_in: [4]
QBER_signal: [0.03532816], QBER_decoy: [0.05649855], Pherr_signal: [0.01302083], Pherr_decoy: [0.015625]
total symbols: 2000000
total_counts: [11805.]
