n_Z_mus_in: [6502], n_Z_mud_in: [6200], n_X_mus_in: [280.], n_X_mud_in: [328.]
m_Z_mus_in: [228], m_Z_mud_in: [216], m_X_mus_in: [4], m_X_mud_in: [2]
QBER_signal: [0.03506613], QBER_decoy: [0.03483871], Pherr_signal: [0.01428571], Pherr_decoy: [0.00609756]
total symbols: 2000000
total_counts: [13760.]
