n_Z_mus_in: [8674], n_Z_mud_in: [4228], n_X_mus_in: [352.], n_X_mud_in: [144.]
m_Z_mus_in: [285], m_Z_mud_in: [305], m_X_mus_in: [2], m_X_mud_in: [3]
QBER_signal: [0.03285681], QBER_decoy: [0.07213813], Pherr_signal: [0.00568182], Pherr_decoy: [0.02083333]
total symbols: 2000000
total_counts: [13993.]
