n_Z_mus_in: [6427], n_Z_mud_in: [3132], n_X_mus_in: [208.], n_X_mud_in: [112.]
m_Z_mus_in: [117], m_Z_mud_in: [104], m_X_mus_in: [4], m_X_mud_in: [5]
QBER_signal: [0.01820445], QBER_decoy: [0.03320562], Pherr_signal: [0.01923077], Pherr_decoy: [0.04464286]
total symbols: 2000000
total_counts: [10109.]
