n_Z_mus_in: [5296], n_Z_mud_in: [3254], n_X_mus_in: [216.], n_X_mud_in: [136.]
m_Z_mus_in: [193], m_Z_mud_in: [173], m_X_mus_in: [23], m_X_mud_in: [15]
QBER_signal: [0.0364426], QBER_decoy: [0.05316533], Pherr_signal: [0.10648148], Pherr_decoy: [0.11029412]
total symbols: 2000000
